Date,High,Low,Close
2015-03-02,140.30173478390742,138.41130875405017,139.77476501464844
2015-03-03,139.31474059075074,136.1277768453227,136.8722381591797
2015-03-04,137.34905105419594,135.87686116462663,137.12319946289062
2015-03-05,137.7170574887425,136.21140196956236,136.57945251464844
2015-03-06,135.75970702248196,133.50959034676868,134.17877197265625
2015-03-09,135.46698967009823,133.61838889666475,134.898193359375
2015-03-10,134.27917632837102,132.44729614257812,132.44729614257812
2015-03-11,133.61834904667765,132.1294264849157,132.18797302246094
2015-03-12,133.86928403017373,132.38036143485078,133.83583068847656
2015-03-13,134.50499487683564,130.75759567941813,131.79481506347656
2015-03-16,135.07384720783375,132.33021291455472,134.9567413330078
2015-03-17,135.04872418676788,133.8943987507935,134.80615234375
2015-03-18,136.64636522859377,133.42593588121548,136.21139526367188
2015-03-19,137.02278655215517,135.274559176722,135.94374084472656
2015-03-20,137.24866250388354,135.57571441792237,136.02740478515625
2015-03-23,137.181723811794,136.00229251332385,136.1110382080078
2015-03-24,136.49581421909912,134.83959935752748,135.5840606689453
2015-03-25,136.07756510065354,133.1499065114287,133.1582794189453
2015-03-26,133.7688706761303,131.41838165462178,133.2586212158203
2015-03-27,134.5635595332922,132.91570483950898,134.23733520507812
2015-03-30,136.8220344078045,134.49662535148994,136.0775604248047
2015-03-31,136.23654143250755,134.63888549804688,134.63888549804688
2015-04-01,134.91486567749652,132.25488488161824,134.29588317871094
2015-04-02,136.16118892463444,134.0700046583591,135.19924926757812
2015-04-06,136.62965717367203,134.14532842573558,136.14450073242188
2015-04-07,137.70870996465982,136.01902901809297,136.2699737548828
2015-04-08,137.91782736581285,135.5756977801754,137.35739135742188
2015-04-09,138.19382042062318,136.41212742196456,137.65847778320312
2015-04-10,138.81288146627952,137.29050516321243,138.31100463867188
2015-04-13,138.79613547164647,136.81369602204654,136.83042907714844
2015-04-14,137.49125817846516,135.65101751783274,136.54605102539062
2015-04-15,137.54144458756502,136.26164010118617,136.54605102539062
2015-04-16,137.3406583045708,135.38331234746315,136.66311645507812
2015-04-17,135.75139267537432,133.584927554676,133.96971130371094
2015-04-20,136.53758185065598,134.58023669426527,136.0858917236328
2015-04-21,137.04785678764705,135.58402771819462,135.9186248779297
2015-04-22,135.95214017825535,134.37956471967183,135.5757293701172
2015-04-23,137.1315352594868,134.79776589597245,136.2030487060547
2015-04-24,136.09432264530005,134.88979799535122,135.32476806640625
2015-04-27,136.28668144328233,133.86091232694713,133.94456481933594
2015-04-28,134.63047121126382,132.9240700768283,134.26242065429688
2015-04-29,136.66312465150395,132.4556615003979,133.11647033691406
2015-04-30,132.86562074377886,127.79658677316883,128.8505401611328
2015-05-01,130.54016305517197,129.05960013097578,130.4983367919922
2015-05-04,131.68609857386002,130.0968030445294,130.34774780273438
2015-05-05,130.8998241622952,127.72122032926632,128.21473693847656
2015-05-06,129.38581674870392,127.51212280180015,128.2314910888672
2015-05-07,128.93407623183583,127.7295518689872,128.3652801513672
2015-05-08,130.9499953972603,129.4526999252118,130.74923706054688
2015-05-11,131.76138789091047,130.49830398378057,130.78271484375
2015-05-12,130.48992295607425,129.39414423496177,130.02149963378906
2015-05-13,130.63214163517168,129.74548124693658,129.83749389648438
2015-05-14,132.06249067955605,130.5317420585599,131.88682556152344
2015-05-15,132.89063286703254,131.60246840114826,132.1712646484375
2015-05-18,132.706611730857,131.73631146880865,132.1796417236328
2015-05-19,133.36739046473252,131.84500195657282,132.94078063964844
2015-05-20,134.13698553356625,132.5811432161957,133.5179901123047
2015-05-21,135.33312563763855,133.86929610742143,134.8228759765625
2015-05-22,134.71413088008558,133.48451316454884,133.83583068847656
2015-05-26,133.76889957173694,132.20469752136904,132.55601501464844
2015-05-27,133.5430539655791,132.2381567146056,133.26702880859375
2015-05-28,134.99883905692653,132.54401057043356,134.91476440429688
2015-05-29,135.13334890422632,133.056830767207,133.8218536376953
2015-06-01,135.16701177916042,133.08209068038192,134.46083068847656
2015-06-02,135.5621168531059,132.35906981900894,134.8054962158203
2015-06-03,135.72185503281293,134.36833504931204,134.72982788085938
2015-06-04,134.80553111070597,132.66175497948328,132.93077087402344
2015-06-05,132.64490124096514,131.5772146355683,132.2329559326172
2015-06-08,132.53566488799862,131.5604676774147,131.70338439941406
2015-06-09,132.6448900513193,131.2997725755666,132.17410278320312
2015-06-10,133.76304421045833,131.51838905525474,133.3006591796875
2015-06-11,135.39397824834543,133.4771940243106,135.15858459472656
2015-06-12,135.65461598139765,133.7546489153017,135.40240478515625
2015-06-15,134.9736530962271,133.6705726214257,134.47764587402344
2015-06-16,137.4537556377156,133.70424693440995,135.7639617919922
2015-06-17,137.3527586485847,135.45277966337176,136.9239959716797
2015-06-18,139.4881976519506,137.218322337749,138.84927368164062
2015-06-19,139.53022845568975,138.29440508612734,138.7567901611328
2015-06-22,140.0177850994073,139.00895344680922,139.10983276367188
2015-06-23,139.73199371782405,137.64705980552176,138.1851043701172
2015-06-24,138.44569492457182,136.94085599191004,137.2098846435547
2015-06-25,137.95811178027574,136.2010487531426,136.30194091796875
2015-06-26,136.89882014108903,135.73025418236193,135.99928283691406
2015-06-29,135.83957483943902,133.36792811867025,133.40155029296875
2015-06-30,134.71301699132616,132.9643692604022,133.3594970703125
2015-07-01,134.94004287001587,133.70421934170463,134.59536743164062
2015-07-02,135.54529584300352,133.1829441684345,134.0908966064453
2015-07-06,134.1665553596175,132.91392761444033,133.88072204589844
2015-07-07,135.78067362796162,132.9391326483661,135.67979431152344
2015-07-08,135.98245581210168,134.6625581206627,135.06610107421875
2015-07-09,137.8740445085055,136.65503875375464,136.77273559570312
2015-07-10,139.51337688858044,137.6049950420818,139.02577209472656
2015-07-13,140.91731594645066,139.5553939179909,140.64830017089844
2015-07-14,141.9262195046258,140.42976972302188,141.64878845214844
2015-07-15,142.11954408871148,141.01823528999074,141.73281860351562
2015-07-16,142.97707352976056,141.6319557520309,142.80052185058594
2015-07-17,142.89293883739796,141.49738197409212,142.06906127929688
2015-07-20,143.21246426521736,142.06070286232492,142.77529907226562
2015-07-21,142.47260252207073,139.5385719452971,140.20272827148438
2015-07-22,140.59785972124567,139.3452193455532,139.79078674316406
2015-07-23,140.89210543054185,138.83240475699873,139.1350555419922
2015-07-24,139.53864546277816,138.03380605463377,138.546630859375
2015-07-27,138.08422953063828,136.32717909508588,136.6634521484375
2015-07-28,138.3616348874835,136.19263946042142,137.3191680908203
2015-07-29,148.3827059786933,140.54742038940822,145.8101806640625
2015-07-30,147.97920960070945,144.90226132262455,147.4663848876953
2015-07-31,147.83625350982302,145.2132758078795,145.44866943359375
2015-08-03,145.74293209727017,143.4814597750559,144.73410034179688
2015-08-04,145.61685294631636,144.24651536695015,144.7004852294922
2015-08-05,146.71811073932534,145.3645911309304,146.0119171142578
2015-08-06,146.3734758196019,144.3473968377841,145.3310089111328
2015-08-07,145.7093190231635,143.7841195566437,145.1460418701172
2015-08-10,147.82790121258358,146.06244826895954,147.33189392089844
2015-08-11,146.02880552900032,144.7425424424896,145.6673126220703
2015-08-12,144.85184037096613,142.5903673742243,144.22972106933594
2015-08-13,145.96150985185596,144.5995876084086,145.3225860595703
2015-08-14,146.57522623822553,144.81816336527123,146.4322967529297
2015-08-17,147.01241595758418,144.8938725628857,146.87791442871094
2015-08-18,147.7774316420715,146.56682825245315,147.5420379638672
2015-08-19,148.66013011216765,145.944688274552,147.64288330078125
2015-08-20,146.74336471814246,145.09559631347656,145.09559631347656
2015-08-21,144.3810621356367,138.89132107739024,139.00901794433594
2015-08-24,139.4797555482112,128.04629472666966,134.52806091308594
2015-08-25,138.15146673280913,133.72941386340682,134.25064086914062
2015-08-26,138.49611579201306,133.78821808722233,138.27752685546875
2015-08-27,141.8849086276372,138.35363211889046,141.14993286132812
2015-08-28,141.44557175548917,138.96185804713127,139.84889221191406
2015-08-31,140.0939156963948,138.2100054870983,138.32827758789062
2015-09-01,136.59638058408586,134.18868367948681,134.6364288330078
2015-09-02,139.08016263807917,135.56577298406066,139.06326293945312
2015-09-03,141.00629671476705,138.8266999516467,139.09703063964844
2015-09-04,137.91424022466802,136.05567417496874,137.11167907714844
2015-09-08,142.18056259324337,138.98720345303633,141.93556213378906
2015-09-09,143.76037234577393,140.16151001349797,140.45718383789062
2015-09-10,140.94716157361856,139.35893808338716,139.9840850830078
2015-09-11,142.4170649634838,139.25749324976698,142.3663787841797
2015-09-14,142.62829725753832,141.1836763770511,141.7834930419922
2015-09-15,144.43619732684454,141.3948965826631,143.89552307128906
2015-09-16,145.22183950950762,143.38017250697794,144.427734375
2015-09-17,146.56507134779704,143.89548723613703,144.22496032714844
2015-09-18,144.29258550434932,141.89334424500962,142.75503540039062
2015-09-21,144.90924788063407,142.91550966645787,143.7941131591797
2015-09-22,142.29039618280052,140.69371641296877,141.61456298828125
2015-09-23,142.2143521950471,140.27129973474032,141.4371337890625
2015-09-24,141.53845447125894,138.2944102512493,140.8964080810547
2015-09-25,142.43400828378867,139.25753590705966,139.87425231933594
2015-09-28,139.84045009605646,137.2806941834601,137.40740966796875
2015-09-29,138.46344420884807,136.69780600198524,138.1677703857422
2015-09-30,141.3019121225882,138.95335803844316,140.19522094726562
2015-10-01,140.57540668462588,137.43273418673527,140.00094604492188
2015-10-02,141.58921756667354,137.8720706043006,141.5300750732422
2015-10-05,144.68117841072225,142.20590802263467,143.93775939941406
2015-10-06,144.79943967062243,142.14675490762423,142.2734832763672
2015-10-07,144.77406252594255,142.6113662712063,144.6304473876953
2015-10-08,146.82700231819004,142.9746964473599,146.78475952148438
2015-10-09,149.38670942602627,146.29472334952268,148.4743194580078
2015-10-12,150.1893036230069,148.1702219127166,149.6908721923828
2015-10-13,150.30753740527152,148.87981647569134,149.5303192138672
2015-10-14,149.47117804900003,146.58194967394198,146.8269500732422
2015-10-15,147.62105851751568,145.64420732153334,147.0465850830078
2015-10-16,148.2124988428786,146.67494851409944,147.73941040039062
2015-10-19,147.52818945139444,146.0413255283609,147.48594665527344
2015-10-20,148.12797389865665,146.31164991991656,147.3760986328125
2015-10-21,148.72779660228014,146.88611656215647,147.10577392578125
2015-10-22,152.36048394052474,147.19027206889538,151.64239501953125
2015-10-23,152.90960803079147,150.8989692808344,151.9211883544922
2015-10-26,152.90115734491832,151.20309220258503,152.30978393554688
2015-10-27,153.66144710237074,151.70995131454535,152.5716552734375
2015-10-28,163.883582683307,159.45680372984077,160.93521118164062
2015-10-29,162.4135659115117,159.2455509717553,160.5718994140625
2015-10-30,161.26465333945376,158.61196899414062,158.61196899414062
2015-11-02,160.36923758097294,158.83168722454133,160.12423706054688
2015-11-03,159.93836828602096,157.57291349007275,157.67428588867188
2015-11-04,159.20334364310924,156.63514463200565,157.27719116210938
2015-11-05,158.40080878458366,156.68585705939782,157.48841857910156
2015-11-06,157.47994554223166,154.7005326549978,155.45240783691406
2015-11-09,155.61294501565865,152.9940594952369,153.46714782714844
2015-11-10,154.2443656680387,152.08166879227466,153.3235321044922
2015-11-11,154.50620383743558,153.24744123032752,153.50088500976562
2015-11-12,153.88108154861453,151.98027207792552,152.32664489746094
2015-11-13,153.23058294354877,150.88202840574712,151.06788635253906
2015-11-16,157.75031343751354,151.55789597484934,157.64894104003906
2015-11-17,158.8231825715675,156.38169905723848,157.25184631347656
2015-11-18,159.2287282022618,157.37016111791272,158.94149780273438
2015-11-19,160.03970706356915,158.13044135310602,159.04283142089844
2015-11-20,160.63953418579993,159.5328426036188,160.07351684570312
2015-11-23,160.5128197629384,158.62890975090363,158.67959594726562
2015-11-24,159.33852751086036,157.28564651366423,158.8231964111328
2015-11-25,160.30788539279152,158.61954915792856,159.3067626953125
2015-11-27,160.30794595533482,158.29720737212872,159.8498077392578
2015-11-30,160.29093784130964,157.7626663733165,158.1105194091797
2015-12-01,160.664266403969,158.31416731592054,158.91653442382812
2015-12-02,159.34924155710604,157.31303868356042,157.5421142578125
2015-12-03,158.1274563216056,154.41987714600313,155.3107147216797
2015-12-04,159.67162207856262,155.59075000189725,159.4595184326172
2015-12-07,159.8752532285179,158.45840236515457,159.49346923828125
2015-12-08,160.28249304424577,157.77119294680816,159.501953125
2015-12-09,159.98556028877468,157.02458843456697,158.27175903320312
2015-12-10,159.70552437460452,158.3819870936822,159.04376220703125
2015-12-11,158.74683594906332,157.00758365313624,157.8220672607422
2015-12-14,159.92616314921426,157.16033602260532,158.7129364013672
2015-12-15,160.9866706749691,159.17106394513527,159.36619567871094
2015-12-16,162.04718202533144,158.9165302070253,160.98666381835938
2015-12-17,161.622983686036,159.74798169621246,159.76495361328125
2015-12-18,159.08619914332158,156.45612194576364,156.83790588378906
2015-12-21,160.4097566934906,157.3809103186666,160.3588409423828
2015-12-22,161.76721774344017,159.2474252287203,160.66427612304688
2015-12-23,161.54662934294902,160.65579141138588,161.1987762451172
2015-12-24,162.0301695673743,160.57938827287498,161.29205322265625
2015-12-28,161.4363048851545,160.04490566727958,161.18177795410156
2015-12-29,162.74289279633592,161.67388212810644,162.4544219970703
2015-12-30,162.78531916618587,161.03758701112724,161.26666259765625
2015-12-31,161.75015056543197,159.12007449966384,160.18907165527344
2016-01-04,159.1625335103367,157.21965744470924,159.08616638183594
2016-01-05,163.62525740425306,159.37470447373045,163.22650146484375
2016-01-06,163.91367151925846,161.19874782918552,161.59750366210938
2016-01-07,160.92729549659774,157.81361507372176,159.5952911376953
2016-01-08,160.97824404542675,157.72032106634344,157.86456298828125
2016-01-11,160.10434514048237,157.38940771999293,159.5952911376953
2016-01-12,160.74911658480633,159.10319017630243,160.28248596191406
2016-01-13,160.72364586948024,156.59187137352583,156.83790588378906
2016-01-14,158.23777997719682,155.1495517883573,157.42330932617188
2016-01-15,157.04152636214985,152.98610615924508,156.28643798828125
2016-01-19,158.8910954989134,155.7349919477201,158.44143676757812
2016-01-20,157.1009132926667,151.84922540345738,154.8865509033203
2016-01-21,156.21856891301695,153.52909645183556,153.7496795654297
2016-01-22,156.49007224032334,154.41993852040045,156.2016143798828
2016-01-25,156.61732373169107,154.08903917081176,154.2672119140625
2016-01-26,155.03928700409676,151.75591373412985,154.83566284179688
2016-01-27,154.82718625282718,150.8735710782181,151.1790008544922
2016-01-28,153.72423153421346,148.4725434958086,152.8418731689453
2016-01-29,157.2451692037109,152.74008945260235,157.0076141357422
2016-02-01,160.986693250372,156.64281402310422,160.04495239257812
2016-02-02,160.50305797941886,158.18688988815717,159.02682495117188
2016-02-03,161.24118662838393,158.53474216250456,161.00363159179688
2016-02-04,161.1139430657766,157.21972277918644,158.10208129882812
2016-02-05,160.00250331329823,157.24515591488938,158.22084045410156
2016-02-08,159.44251652295517,156.10825404988427,157.48268127441406
2016-02-09,159.832845831089,156.1167852788193,158.925048828125
2016-02-10,160.7915521759709,158.84019584226198,159.7819366455078
2016-02-11,158.2887071734081,152.79946405591303,156.03192138671875
2016-02-12,157.44030377593532,153.1049046454964,153.775146484375
2016-02-16,157.7117725514583,152.84186860958746,156.294921875
2016-02-17,162.15748941694642,156.49007306010932,161.2496795654297
2016-02-18,164.3803594439617,161.20728358698778,163.47254943847656
2016-02-19,163.43857875985546,161.24966766246442,161.7756805419922
2016-02-22,164.09188704559446,161.76722615228272,163.12469482421875
2016-02-23,164.01551756327194,161.83508581563498,162.31019592285156
2016-02-24,161.97928130913328,159.55281552319457,161.21571350097656
2016-02-25,164.40220469427203,161.3861122959922,164.3766326904297
2016-02-26,165.0156434188491,163.5331691369105,163.771728515625
2016-02-29,165.96989393421825,163.02196303937305,163.771728515625
2016-03-01,165.8676565175434,163.95065301844218,165.18606567382812
2016-03-02,165.884691845263,163.43945166511747,164.7089385986328
2016-03-03,164.88784866834882,161.300929646396,163.6865234375
2016-03-04,163.95916903504187,161.922885991238,162.79193115234375
2016-03-07,162.86867436954972,158.77054761143532,159.05169677734375
2016-03-08,159.89513629533147,157.68845530480561,159.20501708984375
2016-03-09,160.46597796058063,158.8897828034745,159.102783203125
2016-03-10,161.0282703077937,158.8215897236982,159.11126708984375
2016-03-11,162.94531332427613,160.312631382062,161.78659057617188
2016-03-14,162.00812333532267,159.92072170238828,160.66197204589844
2016-03-15,163.54170577209027,159.76734489543713,163.3031463623047
2016-03-16,163.95063480091773,161.8802774921838,163.21792602539062
2016-03-17,163.8228777597298,162.01663840493933,162.6556396484375
2016-03-18,165.64612428943101,162.77488349479148,165.27976989746094
2016-03-21,166.54073964152548,164.61522086931615,165.441650390625
2016-03-22,166.28513523434916,164.93045593656387,165.57797241210938
2016-03-23,166.68557120438624,165.17752492494546,166.10621643066406
2016-03-24,165.86768214510386,164.649325973233,165.45872497558594
2016-03-28,166.51515887415746,165.46720077229904,166.0380401611328
2016-03-29,167.6313168852146,165.50131285871888,167.57167053222656
2016-03-30,169.44610639827656,167.9295443752453,169.31829833984375
2016-03-31,169.97426075829475,168.10837581575396,168.61105346679688
2016-04-01,171.06485518561522,166.70261179186215,170.66441345214844
2016-04-04,172.14693569943452,170.4429324022375,171.4056854248047
2016-04-05,173.70608892938532,171.03931978330968,172.33436584472656
2016-04-06,172.53029428246168,171.04780707362863,172.1894989013672
2016-04-07,172.10431137820225,170.1106308912707,170.86891174316406
2016-04-08,172.10428104228095,170.47695526477867,170.88592529296875
2016-04-11,171.86573225544305,169.96577267622075,169.98280334472656
2016-04-12,171.27787208137303,169.9743107383082,170.57070922851562
2016-04-13,171.5078757800173,169.56531372591886,171.363037109375
2016-04-14,171.95091644723243,170.29803176977936,170.5110321044922
2016-04-15,172.03611901309125,169.335276168354,172.00204467773438
2016-04-18,172.8541253433513,171.5335199838144,172.77743530273438
2016-04-19,173.30562329124447,171.6356946786575,171.75497436523438
2016-04-20,172.700682115153,171.6356803593855,171.74644470214844
2016-04-21,171.80608095473377,170.28100413482753,170.40028381347656
2016-04-22,171.79758748005736,169.76981968450295,171.039306640625
2016-04-25,171.19261445626327,169.99130250724576,171.022216796875
2016-04-26,173.79973348345632,171.15000917021982,173.44189453125
2016-04-27,178.05977578213043,170.86888194598194,176.36428833007812
2016-04-28,176.9436286554732,174.67731501494956,175.17999267578125
2016-04-29,175.82756163606027,174.25136651577353,175.7338409423828
2016-05-02,177.75311552918208,175.3675082133948,177.48046875
2016-05-03,178.7413370910309,176.15125900294007,178.5794677734375
2016-05-04,179.55079837853245,177.28447129885012,179.388916015625
2016-05-05,180.63285895535424,179.28669483435615,180.564697265625
2016-05-06,182.47313126024625,180.29200984021105,182.4134979248047
2016-05-09,183.6915549181348,181.45078649193096,182.8651123046875
2016-05-10,185.42962796077023,182.9417848453865,185.25070190429688
2016-05-11,186.07716872862474,182.44764611514316,182.60101318359375
2016-05-12,186.45199055151903,182.7969101227244,185.71926879882812
2016-05-13,185.31028171998034,181.8852328728757,182.3112335205078
2016-05-16,184.3135286059175,181.47636139586413,183.8023223876953
2016-05-17,184.60320248480318,180.80328227148274,181.98756408691406
2016-05-18,183.66595486713553,181.2292302525152,182.4475860595703
2016-05-19,181.48484227214985,178.6476756008201,179.83197021484375
2016-05-20,181.49336550456175,179.8830831688703,181.23776245117188
2016-05-23,181.5189314886518,180.4454012232429,180.76065063476562
2016-05-24,183.691567831609,181.18668080655308,182.90771484375
2016-05-25,184.10898437703966,182.56686388148213,182.60946655273438
2016-05-26,183.00994262974427,181.75749926268477,182.28573608398438
2016-05-27,182.88211392836945,181.7830377307007,182.6861572265625
2016-05-31,183.60631028816346,179.95122983142176,181.1951446533203
2016-06-01,182.6776142785526,180.0108458680008,182.47312927246094
2016-06-02,182.96081269202998,181.420735873672,182.56724548339844
2016-06-03,184.7575923063289,180.83895703033897,184.10733032226562
2016-06-06,184.971470536228,183.79930712167646,184.32977294921875
2016-06-07,185.39931341866446,184.39826650934887,184.54371643066406
2016-06-08,186.49443518914885,184.14154399358074,186.2292022705078
2016-06-09,187.14472226326356,185.39931018257298,187.01638793945312
2016-06-10,186.95645000790762,185.54472052561255,185.97251892089844
2016-06-13,186.09230329093867,183.83352826976005,183.99609375
2016-06-14,185.74155613047827,182.78974898771838,185.58755493164062
2016-06-15,186.52016472944192,185.33943657315925,185.82713317871094
2016-06-16,185.76718029698105,183.38007087607,185.4420623779297
2016-06-17,185.66454515966336,181.5833438985753,183.37155151367188
2016-06-20,185.48482386228252,183.91909321262554,184.0902099609375
2016-06-21,185.11695891760257,183.75656288353844,183.82501220703125
2016-06-22,184.81747145061922,183.76509097730903,183.8592071533203
2016-06-23,185.34802569410607,182.96946652150464,183.69671630859375
2016-06-24,183.94479382399274,178.21228378840513,181.99403381347656
2016-06-27,183.4314221783892,179.7523528309342,183.22607421875
2016-06-28,184.96296594185165,182.14805736220086,184.92019653320312
2016-06-29,186.19502155831614,184.808958546934,185.86990356445312
2016-06-30,190.89221482733657,185.94686605022716,190.18206787109375
2016-07-01,191.15747097665061,189.14682595660847,189.7714080810547
2016-07-05,190.15642564093628,188.7532471392991,189.55751037597656
2016-07-06,190.0024455154647,188.46236819529798,189.71153259277344
2016-07-07,189.9681962448618,188.06876990663272,188.6591339111328
2016-07-08,190.1050872306612,188.48800952740243,189.91685485839844
2016-07-11,191.4826360046549,189.61742751434917,189.90834045410156
2016-07-12,190.50719729620553,188.44520575937443,188.63343811035156
2016-07-13,189.93398409417082,188.6505885849526,189.75430297851562
2016-07-14,190.96924486766792,188.93293291647183,189.1981658935547
2016-07-15,189.9425770430678,188.8816318227113,189.48056030273438
2016-07-18,190.0793925937578,188.81309990076159,188.92433166503906
2016-07-19,191.75638778919446,186.63137031971027,189.55751037597656
2016-07-20,190.986364882931,189.51473698695452,190.41311645507812
2016-07-21,190.64413183575988,185.87845022845528,186.6998291015625
2016-07-22,188.17998367408654,185.66452670725764,187.8890838623047
2016-07-25,187.75218668670945,186.10087787333558,187.48695373535156
2016-07-26,188.1201086387822,186.4773639617027,186.81961059570312
2016-07-27,190.19920956876317,184.98006281516115,186.35757446289062
2016-07-28,187.27308634850982,184.48383161205393,185.86134338378906
2016-07-29,186.4773579016341,185.33086108958298,185.3479766845703
2016-08-01,186.25487355210046,184.61212922683717,185.39927673339844
2016-08-02,187.37575655490193,184.697733573452,187.10195922851562
2016-08-03,187.8292040624144,186.34902494182998,187.0848388671875
2016-08-04,188.19709572258054,186.54578695316337,186.81101989746094
2016-08-05,187.77789143022196,186.66561261965936,187.33297729492188
2016-08-08,187.23879864327546,184.44100653606267,184.86880493164062
2016-08-09,185.52761422804988,184.7404667079373,185.4420623779297
2016-08-10,186.14367350469294,184.8346111934594,185.81854248046875
2016-08-11,186.8024965294387,185.23675243642586,186.5115966796875
2016-08-12,186.9051640283086,185.66455097617856,186.6998291015625
2016-08-15,188.6762356585188,186.38322913379133,188.06875610351562
2016-08-16,187.76934702576344,185.17687577813385,185.75013732910156
2016-08-17,187.1533187154768,185.32234140102153,186.99075317382812
2016-08-18,187.37575233335872,186.24635797052295,186.6399383544922
2016-08-19,186.9393903059318,185.45919811921476,186.02389526367188
2016-08-22,187.2388473218347,185.46776829248776,186.7425994873047
2016-08-23,187.29016451818526,183.28597711466495,183.52554321289062
2016-08-24,183.60257747304567,181.52348279888594,183.0977783203125
2016-08-25,184.0084945710315,180.96688254273047,183.38986206054688
2016-08-26,184.4896418909318,181.39647947910743,182.09243774414062
2016-08-29,183.60470941177581,181.6542977404438,183.0977783203125
2016-08-30,183.68197455747764,182.06665501858475,182.68528747558594
2016-08-31,182.54779896228374,181.2761584678068,182.21270751953125
2016-09-01,183.03754987339664,180.64035915761372,182.00650024414062
2016-09-02,183.54455445004137,182.20418808275366,183.2180633544922
2016-09-06,184.59275573796032,182.9001102327686,184.52401733398438
2016-09-07,183.8967845151377,182.255689650505,182.89151000976562
2016-09-08,183.15785503844708,181.79171383063868,182.77980041503906
2016-09-09,181.8948392087105,179.73822582270608,179.78118896484375
2016-09-12,181.2160776306305,177.59020851331047,180.6661834716797
2016-09-13,180.65754922369044,178.79306448449384,179.02505493164062
2016-09-14,179.8585057033136,178.79308014026228,179.41171264648438
2016-09-15,182.31591118593371,178.85329329125415,181.6285400390625
2016-09-16,182.07526528890247,180.94970184740924,181.2933807373047
2016-09-19,182.43616765949773,181.27622823634314,181.43089294433594
2016-09-20,182.81422870452232,181.59415132140987,182.2471466064453
2016-09-21,185.65817073635563,182.30724256397792,185.46055603027344
2016-09-22,186.61189688978203,185.40899454072422,186.0104522705078
2016-09-23,186.86969289425443,184.59277724523406,186.49163818359375
2016-09-26,186.9813604199409,185.61521904969862,186.4486541748047
2016-09-27,187.88358223653714,186.0792478245236,187.3508758544922
2016-09-28,187.66870157108607,186.17367101359986,187.22190856933594
2016-09-29,186.64624087256377,182.41034058917032,183.53590393066406
2016-09-30,184.84195440556695,180.9497319874241,183.8280792236328
2016-10-03,185.03955209338,182.90011347962013,184.816162109375
2016-10-04,185.2457851383789,182.31587424863193,182.8657684326172
2016-10-05,184.40374279971851,182.35023034623268,182.56503295898438
2016-10-06,184.953613005001,182.16977989508447,184.05145263671875
2016-10-07,185.4949587946818,182.47053409078998,185.09971618652344
2016-10-10,186.33696447586658,185.23717615827053,186.12216186523438
2016-10-11,185.9846913767407,184.46388527797572,184.9192657470703
2016-10-12,187.22196952943236,184.68730108415423,186.31980895996094
2016-10-13,188.08980506386078,184.7990267268907,187.62582397460938
2016-10-14,188.8115503813617,186.96425262980003,188.09840393066406
2016-10-17,189.3441632191917,188.0381730468771,188.28733825683594
2016-10-18,189.37857064914053,187.98664086218974,188.54513549804688
2016-10-19,188.5880944167859,186.81810998933335,187.44534301757812
2016-10-20,188.06396851102545,185.9245299866641,186.75796508789062
2016-10-21,185.88160990384856,184.37799141980423,185.4691925048828
2016-10-24,187.2648798568177,185.88155076717112,185.9846649169922
2016-10-25,189.05205696792115,186.0190454057581,188.62245178222656
2016-10-26,197.1458674885027,192.463172389521,195.94297790527344
2016-10-27,195.89996437020372,192.47171027394162,193.62306213378906
2016-10-28,197.61840293571666,193.8121069461305,196.2264862060547
2016-10-31,197.39502152843974,195.92576583057814,196.7592010498047
2016-11-01,197.97928528776674,195.33291532837578,196.2608642578125
2016-11-02,198.21984309243484,195.44459708128875,196.47564697265625
2016-11-03,197.14581634508625,193.08175497477902,193.7863006591797
2016-11-04,195.16108431500382,193.2450484544165,193.51998901367188
2016-11-07,197.7644507996311,195.45317278900222,197.66993713378906
2016-11-08,198.58074233627661,196.82795854569255,197.50672912597656
2016-11-09,214.78538965535571,205.48014042338673,208.18666076660156
2016-11-10,214.69087368260438,208.50456213845422,210.652587890625
2016-11-11,213.0842073074495,209.38959947800018,212.65460205078125
2016-11-14,217.4575687238822,213.2302549010299,215.76492309570312
2016-11-15,216.41789599614845,211.46024886129248,212.61158752441406
2016-11-16,213.51380466797443,210.033999595549,210.84165954589844
2016-11-17,211.7352555573997,209.50990331621574,210.21446228027344
2016-11-18,211.3829960495686,209.6559743482107,210.90184020996094
2016-11-21,212.25935232138013,210.56671972859274,211.6149444580078
2016-11-22,213.57393809111304,212.3366730019633,213.1443328857422
2016-11-23,214.02928848724375,211.6320844362137,212.73187255859375
2016-11-25,214.01218588258845,212.68899416685954,213.58258056640625
2016-11-28,215.53296498155953,210.83308237097515,213.9090576171875
2016-11-29,218.0676029351557,213.56533570299845,216.34918212890625
2016-11-30,217.08813948021574,214.5019073486328,214.5019073486328
2016-12-01,215.76957041380697,213.70000902976943,214.7779083251953
2016-12-02,216.35590087425174,214.28633987704896,216.3300323486328
2016-12-05,217.32169505643418,213.09632295357196,213.41539001464844
2016-12-06,213.96727354725982,211.38893432719735,213.71719360351562
2016-12-07,213.67408869484638,211.7338703140006,213.11358642578125
2016-12-08,213.19977514125407,204.15404320999937,204.99049377441406
2016-12-09,206.91345079156886,204.1712825631619,205.60272216796875
2016-12-12,201.472257766502,190.33109525906957,200.11842346191406
2016-12-13,201.9896724094465,198.7387250472598,199.67864990234375
2016-12-14,203.36078048127573,199.73904172546898,200.1443328857422
2016-12-15,202.47250702311936,199.92003695339008,200.0493927001953
2016-12-16,201.84309852691166,199.22164030904867,199.7993927001953
2016-12-19,201.8516612803754,198.8852814009547,201.38600158691406
2016-12-20,202.93820828800142,201.39466262645652,202.7657470703125
2016-12-21,203.2313179272135,200.99791506938044,201.04965209960938
2016-12-22,202.19657174526023,200.49780212559938,201.5412139892578
2016-12-23,202.10178068919555,199.4027300865894,200.9117889404297
2016-12-27,202.08449409997175,200.3426057669297,201.1273193359375
2016-12-28,201.50670078746742,199.67858868913,200.014892578125
2016-12-29,201.62748030575514,200.14429023908,200.601318359375
2016-12-30,201.21357017189717,199.80799874505112,200.55821228027344
2017-01-03,202.85191149564744,201.04103646460155,202.5500946044922
2017-01-04,204.36103587685494,202.49842321111026,202.860595703125
2017-01-05,204.73181308408354,202.08450010894856,203.4987030029297
2017-01-06,204.8008609713712,203.30905206831102,204.13687133789062
2017-01-09,205.1629846581763,203.2400165060329,203.34349060058594
2017-01-10,203.32625283476912,200.6616894752289,201.01524353027344
2017-01-11,202.50702233115678,198.45412503173503,199.6699981689453
2017-01-12,199.87690913764297,196.49662033946868,197.6003875732422
2017-01-13,199.1871037411909,197.03992433650586,198.47999572753906
2017-01-17,199.00599581319517,196.11722163806414,197.0226593017578
2017-01-18,199.26471971650656,196.60877503618693,198.54037475585938
2017-01-19,201.6016511026532,198.4197035004186,200.3944091796875
2017-01-20,201.05831545340357,198.98874181189979,200.1528778076172
2017-01-23,201.21354704047238,198.44550994103494,199.7907257080078
2017-01-24,200.8772995207791,196.1690430139275,200.56686401367188
2017-01-25,201.12729758940878,198.34199761700197,199.05772399902344
2017-01-26,199.0577802287435,193.05604538453156,195.7119903564453
2017-01-27,202.28282934863486,195.77231708425046,198.1868133544922
2017-01-30,199.920083639257,196.47080677940255,197.885009765625
2017-01-31,198.09195330171173,194.89274351237196,197.54006958007812
2017-02-01,198.46276041859073,196.37594951459897,197.31588745117188
2017-02-02,198.45415309851572,196.54842175278827,198.20408630371094
2017-02-03,200.86001417367345,197.91088395305624,199.5061798095703
2017-02-06,201.29116932921363,199.5492939774934,200.76516723632812
2017-02-07,201.67057018679645,200.14427480447213,200.90310668945312
2017-02-08,201.27391247256335,200.2822375724754,200.4202117919922
2017-02-09,202.97266344248015,200.0407707597595,202.5070037841797
2017-02-10,203.99023250224334,201.84306606632614,203.72291564941406
2017-02-13,206.82727379699426,203.95574916522588,206.1632843017578
2017-02-14,207.24112801536305,205.60271401137538,206.62887573242188
2017-02-15,208.67260276948133,206.05114534929777,208.32766723632812
2017-02-16,210.12992244225097,207.65507071247995,210.00057983398438
2017-02-17,210.39725518302575,208.58637969591624,210.043701171875
2017-02-21,211.1216213470741,208.42255791227646,210.50936889648438
2017-02-22,210.00055373604516,208.68982511740288,209.52627563476562
2017-02-23,210.39726195420351,208.33631963552997,210.28515625
2017-02-24,211.51825798885386,209.14688033224144,211.31130981445312
2017-02-27,215.08828726119256,211.36307489050947,214.37257385253906
2017-02-28,214.1138311926782,211.71658519175026,213.07041931152344
2017-03-01,214.61396581743486,212.02700871031223,212.0701141357422
2017-03-02,212.38170081757582,209.9583363287791,210.373779296875
2017-03-03,210.97093394300686,209.53423673396904,210.25257873535156
2017-03-06,210.88443752364108,209.4217632688883,210.2439727783203
2017-03-07,211.10944882217936,209.5083068474004,210.98828125
2017-03-08,212.11338284760936,210.3650968332585,210.80650329589844
2017-03-09,211.8191575739223,210.76326305317255,211.2825469970703
2017-03-10,211.89709122204405,209.8372288359373,210.82388305664062
2017-03-13,211.81048923067888,210.10547991581456,211.5421905517578
2017-03-14,211.4989134478283,210.09682966535885,210.97962951660156
2017-03-15,211.56815415719774,210.42571894234177,211.0402069091797
2017-03-16,211.29121943031078,207.47442086879636,207.95909118652344
2017-03-17,211.7845468555702,208.31395069653877,211.39508056640625
2017-03-20,212.44227185925496,210.04487112347067,210.3045196533203
2017-03-21,210.91907437769206,207.15421572356567,207.4744415283203
2017-03-22,209.44777977784585,206.93787364979644,208.70346069335938
2017-03-23,208.9111460268591,206.96380130462893,207.28402709960938
2017-03-24,207.5696006434593,204.76542001066076,205.01641845703125
2017-03-27,204.57500758252087,201.8314173940663,204.10765075683594
2017-03-28,205.96842685548677,202.82672055334095,205.28469848632812
2017-03-29,205.0510385244043,203.44989659082503,204.70484924316406
2017-03-30,207.04167925013104,203.86534541572763,206.9031982421875
2017-03-31,206.7906670814525,205.71747235663264,205.8472900390625
2017-04-03,206.47049561059276,204.94724384241195,205.82138061523438
2017-04-04,206.04640622664638,204.6269954899995,205.6742401123047
2017-04-05,207.55227067936755,204.13360238308886,204.34132385253906
2017-04-06,205.57033976570617,203.52779127046142,204.8346710205078
2017-04-07,207.8205677859446,205.457793865874,206.68678283691406
2017-04-10,208.1062135557834,205.97712429151494,207.14552307128906
2017-04-11,208.71205952312647,206.17619047387205,208.62551879882812
2017-04-12,208.53893139310574,206.88584931093925,207.16281127929688
2017-04-13,209.26601319462492,206.88592488549378,207.889892578125
2017-04-17,210.55554623940336,207.94177341622026,210.39976501464844
2017-04-18,211.853777779774,209.81122917548078,210.468994140625
2017-04-19,211.5508182760055,209.9323630574682,210.95364379882812
2017-04-20,212.86641019731562,210.75462094332292,211.9143829345703
2017-04-21,214.14730916780874,211.9403292525219,213.19528198242188
2017-04-24,216.1552360693423,214.27713209945875,215.62728881835938
2017-04-25,216.0426942360237,214.10401330195202,214.7531280517578
2017-04-26,216.3716117380601,210.35648357299706,214.69256591796875
2017-04-27,216.2158340613823,214.1300085205252,214.98683166503906
2017-04-28,215.8176788535561,212.56345490031086,212.87503051757812
2017-05-01,213.36836351715306,211.45564594731664,211.4729461669922
2017-05-02,212.6327158163722,210.74596159571865,212.32980346679688
2017-05-03,212.77117728750946,211.1354084899235,212.48556518554688
2017-05-04,212.92698338267414,210.85847126379502,212.69329833984375
2017-05-05,215.54075744132274,212.47694096685953,215.42825317382812
2017-05-08,215.77441992682677,214.66659835202242,215.62728881835938
2017-05-09,216.06873516010432,215.2032485170336,215.93026733398438
2017-05-10,217.24579153331126,213.68864100011248,214.7358856201172
2017-05-11,214.68389592688837,213.0914041814755,214.22518920898438
2017-05-12,214.77046497062037,213.34241755952732,214.1646270751953
2017-05-15,215.06473138867358,213.72322475819024,214.8570098876953
2017-05-16,215.82632856300637,213.7664800141477,214.10401916503906
2017-05-17,215.2811212971601,212.51155387382408,213.1866455078125
2017-05-18,215.49744129258005,210.65071266931577,213.6712646484375
2017-05-19,216.70048917190715,214.29443803514445,216.2677459716797
2017-05-22,219.83354994554364,215.86097046052183,215.8955841064453
2017-05-23,217.62658069328552,215.14263863108496,216.93418884277344
2017-05-24,219.47012228925212,217.2371649847352,219.29702758789062
2017-05-25,222.274249199794,219.40082768167636,222.01458740234375
2017-05-26,223.23493089860915,221.82418365047337,222.42137145996094
2017-05-30,222.70699587827585,220.65578386206818,221.7462921142578
2017-05-31,224.35137939453125,221.24428647487136,224.35137939453125
2017-06-01,224.55991364665817,222.58766047888844,223.82139587402344
2017-06-02,225.2289548107203,223.48258139913665,224.612060546875
2017-06-05,224.63811349128076,222.07505662475634,222.083740234375
2017-06-06,222.90042368406358,219.88556740696032,219.98114013671875
2017-06-07,221.6146026179898,219.90299002087195,221.26705932617188
2017-06-08,223.41308877109986,220.8500052308489,222.54425048828125
2017-06-09,223.39568881420797,221.5537559483062,223.0220947265625
2017-06-12,222.9091255313754,220.39818367425437,222.4138946533203
2017-06-13,224.45567533290324,221.35392960503276,223.80404663085938
2017-06-14,228.0092422688999,224.16029473450143,225.60256958007812
2017-06-15,225.48956074835408,222.4486272673256,224.71630859375
2017-06-16,225.6633857479336,224.4035595816315,224.6728973388672
2017-06-19,227.71385767454942,225.11603929081767,227.00140380859375
2017-06-20,228.14822731953885,225.9934989667661,226.03695678710938
2017-06-21,227.11431534181133,225.02910882554636,226.14991760253906
2017-06-22,226.0630018656561,223.16108560723305,223.1958465576172
2017-06-23,224.63813581038804,223.07423744881578,223.63897705078125
2017-06-26,225.81974024473277,222.1271778865413,222.37913513183594
2017-06-27,223.57811720423229,221.701436810975,221.8404541015625
2017-06-28,224.42956741756367,222.53550672373373,223.77793884277344
2017-06-29,224.02123172166918,219.65967363120797,221.44947814941406
2017-06-30,223.96041032844886,222.04898222244518,223.03944396972656
2017-07-03,225.37660608310878,222.98730122068892,223.89959716796875
2017-07-05,226.84499226485286,223.96913956613759,226.1412353515625
2017-07-06,227.07948656020693,223.83873779530313,224.97691345214844
2017-07-07,229.14737417068105,225.31579459733905,227.6269073486328
2017-07-10,228.98226131923522,226.37574712543707,227.44442749023438
2017-07-11,228.50438881883593,226.0195249222975,228.19161987304688
2017-07-12,230.33769015448567,228.50445421848647,229.33853149414062
2017-07-13,230.49409145668034,228.74771820543015,229.2516326904297
2017-07-14,230.68525154621383,229.1039595724236,230.09442138671875
2017-07-17,231.34550728801813,228.73032268292897,230.07701110839844
2017-07-18,231.75392872068855,229.06055109722843,229.5818328857422
2017-07-19,230.5201832139087,229.43413534317548,230.1726531982422
2017-07-20,230.72868701524843,228.86938692003093,230.04229736328125
2017-07-21,230.5027618408203,227.75725648585708,230.5027618408203
2017-07-24,231.39772747920392,230.30300908710166,230.4767608642578
2017-07-25,231.81470404265917,229.07786918065463,229.4167022705078
2017-07-26,230.5548899788642,225.36795142513878,229.2516326904297
2017-07-27,229.6253022454136,225.0291398036464,226.5583038330078
2017-07-28,229.61658961179722,226.08910816203738,229.460205078125
2017-07-31,231.11097795423092,228.56528820724395,228.61741638183594
2017-08-01,229.99890824906058,228.53926606292308,229.92941284179688
2017-08-02,231.8668684994442,229.49495695473962,231.8321075439453
2017-08-03,233.6306388111796,230.34643074290955,233.52638244628906
2017-08-04,233.92599487304688,232.37946389539619,233.92599487304688
2017-08-07,234.35172144480836,233.30040820294442,234.22137451171875
2017-08-08,234.7600791217523,233.7869581196907,234.42991638183594
2017-08-09,237.88784907489375,234.73398920476274,237.27967834472656
2017-08-10,238.59167513641114,234.78618561818428,235.06419372558594
2017-08-11,236.99296037895598,233.804339381598,233.96072387695312
2017-08-14,236.22840678563827,233.92596457904793,235.8026580810547
2017-08-15,235.8721992855649,234.60367644867353,235.57679748535156
2017-08-16,235.76791023732582,233.78696029423804,234.57760620117188
2017-08-17,235.29004284594535,232.84860991540714,232.96156311035156
2017-08-18,233.8651775386572,232.1275012309548,232.509765625
2017-08-21,232.88346035629485,229.67744442627432,232.5880584716797
2017-08-22,237.618575311516,233.34390577547023,237.03646850585938
2017-08-23,236.84523736652008,235.01197545095005,235.2552490234375
2017-08-24,236.01406854257772,233.97342699378277,234.1827392578125
2017-08-25,235.95295302699193,234.1913772400663,234.87158203125
2017-08-28,236.02270388540285,232.9966588491364,233.62454223632812
2017-08-29,236.78137657248928,234.24368247693397,236.083740234375
2017-08-30,236.51111152858815,235.28150515754078,236.3367156982422
2017-08-31,237.87152963376278,235.47336732544497,237.3831787109375
2017-09-01,237.47906552890893,234.43556213378906,234.43556213378906
2017-09-05,236.25820024503815,233.53735422166108,233.7728271484375
2017-09-06,234.54025166360577,231.31362309023538,231.3310546875
2017-09-07,231.99382643981727,230.53747637747938,231.8542938232422
2017-09-08,233.84252654025957,231.09554705822885,233.2321014404297
2017-09-11,235.29891608344468,233.74665245573252,234.84542846679688
2017-09-12,235.78730086080705,234.0693436815274,234.54896545410156
2017-09-13,234.43563428965047,232.41247741962673,232.5781707763672
2017-09-14,232.51706413889667,230.82526777750692,231.69732666015625
2017-09-15,233.0141064224214,231.13045634681586,232.8658447265625
2017-09-18,240.86263142809807,230.92986973737501,240.66204833984375
2017-09-19,244.08927739090345,239.8336257600202,242.7201385498047
2017-09-20,245.54565973181914,242.43240270560705,244.21141052246094
2017-09-21,245.0572666563514,243.04281283613352,244.54275512695312
2017-09-22,246.73158257341044,244.3595816432908,245.52813720703125
2017-09-25,245.5805167182154,243.19981273391136,245.37123107910156
2017-09-26,248.4756908485418,245.4583750543816,248.30999755859375
2017-09-27,250.51636690367337,248.38854092033304,250.14138793945312
2017-09-28,249.6180836751527,247.6036301272808,248.20535278320312
2017-09-29,250.98731085558933,247.4641848727363,250.90882873535156
2017-10-02,252.85349440214023,250.47276397072912,252.80987548828125
2017-10-03,254.9201769157087,252.04236756133002,253.83880615234375
2017-10-04,255.17304398142426,253.08010874762846,254.79806518554688
2017-10-05,255.70515701198093,253.7342950327097,255.23423767089844
2017-10-06,255.8446137807122,254.51036488760673,255.80099487304688
2017-10-09,257.23994242875705,254.77200085254785,256.2632141113281
2017-10-10,257.0044402694013,254.70221888721574,255.80099487304688
2017-10-11,257.5712086876493,255.46084183334955,257.4229736328125
2017-10-12,260.64097516422544,257.2573822848867,260.466552734375
2017-10-13,261.03336704128,258.3212767590341,258.4782409667969
2017-10-16,259.4986152053054,256.6556942155776,257.9376220703125
2017-10-17,258.016048250963,256.1585586383348,256.66436767578125
2017-10-18,256.9695676669928,253.63829680176113,254.6411590576172
2017-10-19,255.600399079164,251.64997440599808,255.2079620361328
2017-10-20,256.92603145368025,254.67613082846188,256.9085998535156
2017-10-23,259.0886895017429,256.38530174574464,256.42889404296875
2017-10-24,256.864837822933,254.85038468136094,256.411376953125
2017-10-25,267.38196550379337,261.3909251424404,265.75994873046875
2017-10-26,266.8499756670465,257.7456802505329,259.8647766113281
2017-10-27,260.7630748784078,258.8184003238132,259.57708740234375
2017-10-30,260.1265136013236,257.43185420479443,258.4521484375
2017-10-31,259.3590183059357,257.5974690603699,257.71954345703125
2017-11-01,258.5567256870872,256.367876021692,256.5335693359375
2017-11-02,262.9169912834965,256.28063678698766,262.8036193847656
2017-11-03,264.5478839418125,260.87652191440696,263.0653991699219
2017-11-06,264.66108394966193,261.85305389657054,263.2396240234375
2017-11-07,265.6901641879952,263.35302639665105,264.504150390625
2017-11-08,265.32391947846634,263.7978164083355,264.4954528808594
2017-11-09,264.7396232443476,259.95202850638685,260.8677062988281
2017-11-10,261.3211262543525,259.4897975704935,259.98687744140625
2017-11-13,260.7107771398097,256.76907964817434,260.2922058105469
2017-11-14,262.0798188110667,258.26019717348737,262.0187683105469
2017-11-15,263.6582125649078,261.30367014636647,261.5652770996094
2017-11-16,262.70771132167164,261.207769133584,262.0972595214844
2017-11-17,261.69615942023864,258.71373280224833,258.8706970214844
2017-11-20,262.7077140291822,258.79217852549425,262.4373779296875
2017-11-21,265.91689292018526,262.56819020309155,265.376220703125
2017-11-22,264.77451094617595,261.8792690986538,263.37921142578125
2017-11-24,265.01870822718126,263.52749488198225,263.98968505859375
2017-11-27,265.3239976127079,263.43161753869066,264.7833251953125
2017-11-28,269.6754525613995,265.8209676006845,268.50689697265625
2017-11-29,268.8819451765446,266.89365168101784,267.4517822265625
2017-11-30,270.12896511382945,265.78610234400264,268.0708923339844
2017-12-01,269.30457602110306,259.8468526450061,262.1478576660156
2017-12-04,265.18369179766825,262.90893362101787,262.96142578125
2017-12-05,264.08131840238605,260.3017224458232,260.5029602050781
2017-12-06,263.6000969660941,260.5641759852846,262.6464538574219
2017-12-07,265.8574234433438,262.6465364974347,264.8162841796875
2017-12-08,267.43218994140625,263.3551299428876,267.43218994140625
2017-12-11,268.7445446815437,265.84858495459196,266.4610290527344
2017-12-12,269.4008029366688,266.93356402947734,268.8408508300781
2017-12-13,272.16550793483424,268.5609026495055,269.8732604980469
2017-12-14,271.29046200481594,268.00083819320815,268.51702880859375
2017-12-15,272.2267651036683,269.0508547519319,271.6318359375
2017-12-18,272.2092096017677,268.359632762447,269.8207092285156
2017-12-19,271.1155210934304,268.630794505983,268.7007751464844
2017-12-20,269.91691925872675,268.05336754962156,268.2633361816406
2017-12-21,269.2433136837141,266.03242659965167,266.3998718261719
2017-12-22,267.5197085178163,265.7086753495927,265.7786560058594
2017-12-26,268.0971778853738,265.7349500076006,265.8311767578125
2017-12-27,268.00965030193026,266.04111395350753,267.8609313964844
2017-12-28,269.9169980244445,267.58974710718564,269.7245178222656
2017-12-29,270.51181063583596,268.51702880859375,268.51702880859375
2018-01-02,269.2257122863587,265.2798830040497,267.0559387207031
2018-01-03,268.8145295769725,266.5047678331286,268.2895812988281
2018-01-04,270.0918922890634,267.3796816778691,269.951904296875
2018-01-05,271.4304449809607,268.7794846185168,269.66314697265625
2018-01-08,270.6431891527668,269.09461645897824,269.69830322265625
2018-01-09,273.7840377544444,270.09193728285476,271.5617980957031
2018-01-10,270.76561139393993,268.0358853419417,269.1295166015625
2018-01-11,270.96680073814906,269.69820459866355,270.8268127441406
2018-01-12,276.2161407591643,270.93173587449843,275.7261962890625
2018-01-16,278.8322279420207,273.2590607887177,273.44281005859375
2018-01-17,278.05347636992394,274.12516258770944,277.791015625
2018-01-18,278.8322698683294,274.72020516202474,274.982666015625
2018-01-19,277.5111909006839,275.32392783466133,276.79376220703125
2018-01-22,276.97742904031645,274.33522540074466,275.71759033203125
2018-01-23,275.90129634506997,273.55655735939627,274.2652282714844
2018-01-24,276.74998413754327,273.5653167978547,274.24774169921875
2018-01-25,285.2103554217861,275.1314565001285,284.3442077636719
2018-01-26,293.5919485140884,283.1455781427086,293.58319091796875
2018-01-29,298.5701154348937,293.1369356770234,296.015380859375
2018-01-30,298.58751137893165,291.79824153457554,296.99517822265625
2018-01-31,301.14227871328313,297.1351992999572,297.9313659667969
2018-02-01,305.4993466488709,297.67769316878497,299.9699401855469
2018-02-02,301.116105791679,294.59805199164117,294.6593017578125
2018-02-05,297.05646224028544,276.70616554340234,282.0430908203125
2018-02-06,287.8436681849356,273.85394951227966,286.53131103515625
2018-02-07,299.33990119717305,285.22768438180776,295.4203186035156
2018-02-08,298.9288555593334,282.99681348930903,283.47802734375
2018-02-09,295.7179489296328,282.99682021861616,291.07220458984375
2018-02-12,298.6400907109901,289.2173728036064,295.22796630859375
2018-02-13,301.2997993715509,293.19817022641274,300.4073791503906
2018-02-14,306.5841867660679,299.5674323809953,305.8842468261719
2018-02-15,312.3411283936601,308.01909495719997,312.26239013671875
2018-02-16,313.9509135714805,310.3637976563546,311.4661865234375
2018-02-20,310.73117504211405,304.97428681978613,306.5316162109375
2018-02-21,311.7374244080827,306.58424741237786,306.9342041015625
2018-02-22,308.45652846631356,304.04699945005365,305.0181579589844
2018-02-23,307.59915642121126,304.6157532050524,307.5379333496094
2018-02-26,311.3261921781182,308.09779059023117,310.6700134277344
2018-02-27,314.4670761690359,309.3488769301566,309.41888427734375
2018-02-28,312.5685855246358,306.0155285689356,306.25177001953125
2018-03-01,307.8528449430023,295.03549091448303,297.0652770996094
2018-03-02,302.55121512619854,293.51917309749393,301.1116943359375
2018-03-05,303.16566219060104,296.28408822370574,302.6390075683594
2018-03-06,303.88529186423665,299.1542415156729,300.07586669921875
2018-03-07,304.9561595851451,295.2394771128765,304.4207458496094
2018-03-08,305.64965533009854,302.18253722833396,304.01702880859375
2018-03-09,307.09792217901213,301.95432784231707,306.89605712890625
2018-03-12,309.69610578865183,300.7518699158346,302.57757568359375
2018-03-13,306.0183205265703,300.93614803831423,302.2351989746094
2018-03-14,304.35942460592526,296.73178468410697,298.52239990234375
2018-03-15,300.6641176167984,297.13554987284374,299.1543884277344
2018-03-16,301.24331191579677,296.8545691826806,297.23199462890625
2018-03-19,303.2973731501347,295.71360952784175,302.7619323730469
2018-03-20,306.99258643991516,302.498517694854,305.0878601074219
2018-03-21,307.7561286460243,303.61315527565904,304.77178955078125
2018-03-22,303.7449397260887,296.7668533389534,297.4075927734375
2018-03-23,313.3298782341766,299.05767927480275,303.49908447265625
2018-03-26,312.3380566071876,306.7204709605542,311.8026428222656
2018-03-27,314.6729569653144,304.82461397710495,306.5888977050781
2018-03-28,307.8000957110656,299.944235476506,302.5686950683594
2018-03-29,308.3794227373944,302.647725099848,306.4396057128906
2018-04-02,307.59822860100724,297.31979975891977,303.2796936035156
2018-04-03,305.1406095096224,299.00512710581194,303.7362060546875
2018-04-04,310.3368319070222,296.6878501749668,310.23150634765625
2018-04-05,316.7619914961839,309.45032898544713,316.0158996582031
2018-04-06,315.6384040226725,306.74680635948334,308.72174072265625
2018-04-09,311.60076986230433,304.3154668027641,305.0966491699219
2018-04-10,309.75752132638576,301.8402374284274,304.3505859375
2018-04-11,308.3443736048915,302.86720305281057,304.2716064453125
2018-04-12,310.33685330766906,306.2026640968755,309.0114440917969
2018-04-13,310.70547266217153,306.0885062524517,307.7386779785156
2018-04-16,310.714256443491,307.82648248184677,308.74810791015625
2018-04-17,312.4873732572456,307.1682174271133,311.6359558105469
2018-04-18,315.5067632639936,310.8108026245748,313.970703125
2018-04-19,315.88427481371156,312.645379266725,314.25164794921875
2018-04-20,315.5330775625917,311.27599147916595,312.4082946777344
2018-04-23,314.99764047294764,309.9242545610926,312.5838317871094
2018-04-24,315.41898059952865,291.9918671466845,299.7687072753906
2018-04-25,299.022649415299,279.132861457071,291.9567565917969
2018-04-26,298.32921841619003,287.6821228998718,293.1329345703125
2018-04-27,292.6151363372368,281.6081580134901,282.50347900390625
2018-04-30,286.59370332036934,282.06451734003105,282.670166015625
2018-05-01,283.2847031507591,265.38741500383776,269.66204833984375
2018-05-02,277.0349983027871,267.90641856755263,269.6092529296875
2018-05-03,280.5460086960765,266.8619109706571,277.0876770019531
2018-05-04,276.6928348056694,273.45393876034075,275.4815368652344
2018-05-07,280.3266530525199,275.8589145070535,278.3605041503906
2018-05-08,289.8501377365062,279.3610314699056,289.0162658691406
2018-05-09,291.0877682870634,286.3215998869308,287.5416564941406
2018-05-10,290.08718466842424,285.97054076235395,286.5059814453125
2018-05-11,286.979953539979,284.72413291002084,285.5316467285156
2018-05-14,285.7949261224323,279.1942400472313,279.7560119628906
2018-05-15,283.8200357356812,277.6933404204478,280.8532409667969
2018-05-16,285.19807880986804,281.0551044638936,281.8977355957031
2018-05-17,285.91780866525227,281.45885774631216,284.8469543457031
2018-05-18,289.9116636563508,285.2771509838269,288.7969055175781
2018-05-21,292.22887146346676,288.71787662500475,290.8507995605469
2018-05-22,289.78861862997337,283.6794974828262,284.829345703125
2018-05-23,288.2175088860007,282.7930291277855,288.1034240722656
2018-05-24,292.7730300202703,287.1027816574306,292.1235046386719
2018-05-25,293.1066327484547,289.8063156737045,291.35113525390625
2018-05-29,290.9911856394416,284.1447577585709,286.5673522949219
2018-05-30,291.4125206651961,285.8827154757112,291.03509521484375
2018-05-31,291.22818024200086,286.6726634164915,287.2431945800781
2018-06-01,290.89056208584066,288.6440755873879,290.71435546875
2018-06-04,293.5158053581133,290.0976023023958,293.1986389160156
2018-06-05,293.74492620748805,289.3400296375937,290.00958251953125
2018-06-06,297.11022501820526,292.84628906257,295.32183837890625
2018-06-07,299.6563056841466,296.3173866796993,297.8326721191406
2018-06-08,298.82809222470655,296.1322985934,298.325927734375
2018-06-11,299.39195393304925,294.08846907876296,294.5641784667969
2018-06-12,295.92970312638226,288.2475640284943,290.1504821777344
2018-06-13,291.82439539225726,287.78070360008337,288.8026428222656
2018-06-14,290.72306489734854,283.2435619219362,284.1685791015625
2018-06-15,285.3667823887467,280.8649648841687,283.2524108886719
2018-06-18,284.94390768699213,281.9661937615658,284.0453186035156
2018-06-19,282.5476212925901,275.7640713900587,276.4864807128906
2018-06-20,277.59657929766354,274.4779050871909,274.9360046386719
2018-06-21,276.53054677903975,270.68965095619785,276.1429138183594
2018-06-22,278.8035798017891,274.33700734259514,274.91845703125
2018-06-25,277.44671438356556,272.231333677287,276.3807373046875
2018-06-26,277.6317278924468,272.248932359191,272.52203369140625
2018-06-27,275.9579952908391,270.00259246981716,270.0994873046875
2018-06-28,272.86568639253085,266.95429683926403,271.09490966796875
2018-06-29,275.64079769914855,270.8482683299543,271.07733154296875
2018-07-02,273.96685080551606,268.36381055474516,272.10797119140625
2018-07-03,274.9535430258735,271.1477074076015,272.08154296875
2018-07-05,273.5527886541897,269.1831136043248,271.561767578125
2018-07-06,273.18288483035855,268.81323475962324,270.7778015136719
2018-07-09,277.8079202710475,271.4472506865627,276.3631286621094
2018-07-10,277.94897321790006,275.3677102836073,277.61419677734375
2018-07-11,277.138483272135,274.0286271166097,274.6629333496094
2018-07-12,284.12469348774937,276.662796406099,283.7899169921875
2018-07-13,283.9483950555516,278.6360917185848,283.43743896484375
2018-07-16,285.8513689532921,281.98385672639967,282.2041015625
2018-07-17,284.142210485503,281.6402328701707,282.97052001953125
2018-07-18,285.79848945873323,282.37146717845314,285.1817932128906
2018-07-19,285.79843080842323,282.81189877795566,285.57818603515625
2018-07-20,286.5649071061762,283.1643403702785,285.3755798339844
2018-07-23,286.03633119158775,278.6977860032326,278.9797058105469
2018-07-24,285.243391621622,273.5880292794165,278.5391540527344
2018-07-25,275.6319819527305,258.36478275526787,260.3293762207031
2018-07-26,260.3381633754157,252.9203069274691,260.1619567871094
2018-07-27,266.5578881976509,260.7610298927438,265.74737548828125
2018-07-30,265.7386299844442,259.1488946202812,259.7391357421875
2018-07-31,266.54915894429,259.6422827978941,264.72552490234375
2018-08-01,265.57989388886415,262.293859770981,265.0865478515625
2018-08-02,264.3994420927868,261.40411854229046,263.1396484375
2018-08-03,263.1220961703885,259.8888903490328,261.87109375
2018-08-06,261.6860294375831,257.58066376150595,260.26763916015625
2018-08-07,262.3732244599839,258.1445082870166,260.117919921875
2018-08-08,260.59372072139183,258.347233790402,259.84490966796875
2018-08-09,260.52315192878154,255.36060019646973,256.7437438964844
2018-08-10,259.6246261365016,254.8673161210407,256.64691162109375
2018-08-13,258.496880929913,255.7394122417668,257.26348876953125
2018-08-14,261.03411277258135,257.27234146089535,258.884521484375
2018-08-15,258.2943087084799,255.4839827474299,256.81427001953125
2018-08-16,258.77004375298014,256.6028154491376,257.23712158203125
2018-08-17,260.5935972550066,256.1622736235713,259.3514404296875
2018-08-20,263.0603604478088,259.2721342469276,262.0912780761719
2018-08-21,263.18368427345706,261.32483130184255,262.6903381347656
2018-08-22,263.580225248254,261.3865951754342,261.8623046875
2018-08-23,263.99431763238056,260.54086619636115,262.161865234375
2018-08-24,265.2311225301635,262.144038645381,263.6300964355469
2018-08-27,266.15105386864616,263.7273795183811,265.4787902832031
2018-08-28,266.03622021625915,263.69215034092105,265.72662353515625
2018-08-29,265.8945486777009,262.1086926542305,262.8074645996094
2018-08-30,264.9215277098054,261.9848285033287,264.2050476074219
2018-08-31,264.70043142669607,262.64827791079364,264.0281677246094
2018-09-04,264.22280363608235,262.02029210458585,263.2851867675781
2018-09-05,263.7274339403376,261.6133826410158,262.48907470703125
2018-09-06,267.2921225455307,262.7455698236838,266.85870361328125
2018-09-07,266.55797990368444,263.9662662386097,265.82379150390625
2018-09-10,268.919750848522,264.09898980971144,268.8489990234375
2018-09-11,270.1669429189406,266.95603585189525,267.990966796875
2018-09-12,269.2735872621445,266.65531086836484,268.486328125
2018-09-13,272.4756725355038,265.3904474434316,268.3802185058594
2018-09-14,272.20143131239394,268.0263718700157,271.8564453125
2018-09-17,275.53616419481995,271.56456006495836,275.111572265625
2018-09-18,281.33878347472887,275.47423740644075,280.95843505859375
2018-09-19,282.25866611249836,275.06730199523685,276.2083740234375
2018-09-20,276.73020004673657,262.40939925734784,266.6109924316406
2018-09-21,272.3783535038281,267.80526395033996,271.2815246582031
2018-09-24,271.64412112179,268.99048273960557,270.7684020996094
2018-09-25,278.4020568197819,270.7684189463403,278.11016845703125
2018-09-26,279.99435065579365,276.91611918397734,278.2606201171875
2018-09-27,280.26844115927423,276.4118060715838,280.1976623535156
2018-09-28,280.95835363798716,278.72045331115993,280.7283630371094
2018-10-01,282.55941129323196,279.60503052769513,281.7279357910156
2018-10-02,282.7539641821256,281.1529381576333,281.9667053222656
2018-10-03,284.5762260507045,280.8434397248297,280.95843505859375
2018-10-04,281.63067546469216,279.1716111326808,281.36529541015625
2018-10-05,284.24004538266485,280.0384513360029,283.3554992675781
2018-10-08,283.85092076660374,280.05620933396506,282.1702880859375
2018-10-09,281.40955281004824,277.8094431466735,277.9244384765625
2018-10-10,277.561724329962,271.4406535275643,273.36895751953125
2018-10-11,272.8912943088073,262.0113623437565,263.2585754394531
2018-10-12,267.8935934702773,260.90568534215083,267.4601745605469
2018-10-15,272.34303235495923,267.78759632618977,270.3174133300781
2018-10-16,276.2791199188625,269.8573067275754,276.0579833984375
2018-10-17,276.5268392562024,273.4309274382973,273.7670593261719
2018-10-18,274.4305273847229,269.10556764299133,272.6172180175781
2018-10-19,274.42157843256666,271.15760110448036,272.1483154296875
2018-10-22,272.9090554659462,270.08735074788734,271.3345642089844
2018-10-23,273.96161161557785,264.9923014517439,269.0081481933594
2018-10-24,275.0938241027601,252.22830309923663,252.8563232421875
2018-10-25,253.855879663205,237.50948481430385,238.8097686767578
2018-10-26,240.53462654705623,233.11329843317614,238.68592834472656
2018-10-29,242.27718512158648,223.89631720166693,226.70916748046875
2018-10-30,231.0876630852441,222.60486942890267,230.95498657226562
2018-10-31,236.0146297079906,231.4503679578408,231.70689392089844
2018-11-01,242.05601202193202,232.8125223458165,241.61373901367188
2018-11-02,245.76232561090885,240.79118003026232,242.18875122070312
2018-11-05,247.90290081534062,243.01136191887286,247.1775665283203
2018-11-06,250.50357524748077,246.2577359246832,250.09666442871094
2018-11-07,252.9536901218648,248.01793396471564,252.90061950683594
2018-11-08,255.22704513777552,247.24841872941195,251.23773193359375
2018-11-09,254.05931322044054,247.68174386727128,252.74134826660156
2018-11-12,252.60864077279192,245.31113610032014,245.5057373046875
2018-11-13,246.93878074015564,241.4987998780137,242.0472412109375
2018-11-14,245.15188749812418,239.1635215533531,239.46426391601562
2018-11-15,243.1617558189031,236.32423066444687,240.9061737060547
2018-11-16,243.45359901540363,238.7301267366007,241.16262817382812
2018-11-19,241.47226803645506,235.74925281666447,238.1729278564453
2018-11-20,237.04069874652447,228.98246888353967,236.00576782226562
2018-11-21,239.66778188984804,235.7050055563486,236.8018341064453
2018-11-23,237.6598708374961,234.70548971534586,235.81117248535156
2018-11-26,239.53509175182626,233.31673326393187,235.20082092285156
2018-11-27,234.192482323857,226.48806476972024,230.28277587890625
2018-11-28,233.50255242907025,229.58399162931724,232.75953674316406
2018-11-29,233.09553453327658,228.56666367564054,230.57460021972656
2018-11-30,231.85425977761153,226.46022721754144,230.93896484375
2018-12-03,235.90646139061,230.2191901128812,232.35191345214844
2018-12-04,232.12084147364183,220.94180099125052,222.0170440673828
2018-12-06,228.38861083984375,218.22260108800626,228.38861083984375
2018-12-07,231.95202813562634,226.92235284395542,228.85958862304688
2018-12-10,241.70923004525065,231.58764301996405,240.1363525390625
2018-12-11,247.95640536735993,234.76903424702874,238.1547393798828
2018-12-12,242.45572827733017,239.49657884774095,240.0297393798828
2018-12-13,240.4296065777015,235.9508688391657,238.0214080810547
2018-12-14,237.4705146846916,232.30753502734075,233.453857421875
2018-12-17,233.75596617403292,227.3400191198233,228.59298706054688
2018-12-18,232.43188396501526,225.96260790090332,228.32638549804688
2018-12-19,232.68963057677476,222.9679385116102,225.13621520996094
2018-12-20,224.82514981949006,214.79244455460528,216.48973083496094
2018-12-21,215.29008565535904,207.8166453744847,209.04296875
2018-12-24,208.12764792510202,200.94746036641067,201.03631591796875
2018-12-26,207.11466496690645,198.72592818612088,206.7325439453125
2018-12-27,212.93519859131203,202.60924074836024,212.89077758789062
2018-12-28,218.80907973243256,212.45533075087712,215.27230834960938
2018-12-31,219.42223242910447,214.80132303549937,217.62718200683594
2019-01-02,219.1022995919416,210.67802604962873,218.93345642089844
2019-01-03,217.76939133876175,211.7622098163876,213.20179748535156
2019-01-04,220.33749485524513,215.51220347396023,220.29306030273438
2019-01-07,223.3677615033713,217.72491202282185,222.00814819335938
2019-01-08,225.17172573151294,220.3908543994759,223.01234436035156
2019-01-09,225.00291114501206,221.6971800462384,224.06983947753906
2019-01-10,229.13507551380076,222.47029744253868,228.9662322998047
2019-01-11,227.67766184865934,224.32751036177464,227.5354766845703
2019-01-14,233.58711272018928,226.50468818617725,231.01007080078125
2019-01-15,232.75178538149808,226.94009254703352,230.1036376953125
2019-01-16,230.31697122262884,227.14454363163364,227.26007080078125
2019-01-17,237.15056965793545,226.21144953607094,234.6712646484375
2019-01-18,240.37633872722267,236.0131272542648,237.93258666992188
2019-01-22,238.39465707011615,233.5071531838025,235.2489013671875
2019-01-23,242.93555327202748,236.3774087942525,240.1363525390625
2019-01-24,241.44264480340482,237.17717161998766,239.77200317382812
2019-01-25,243.7086697595113,240.8205998352874,242.4556884765625
2019-01-28,243.93083576669216,238.04806366575605,243.7530975341797
2019-01-29,250.14246295154777,242.91783857502355,248.93392944335938
2019-01-30,251.63534517026343,245.37933324739393,249.5470428466797
2019-01-31,252.86167112508974,239.48769387329273,244.8639373779297
2019-02-01,247.90309563838719,242.18916553019162,242.5623779296875
2019-02-04,247.84973696206785,242.26909795617374,247.68978881835938
2019-02-05,249.88475892964135,244.07306480552305,247.4498748779297
2019-02-06,250.27574203202386,247.22769645875312,249.18270874023438
2019-02-07,249.84914321035575,245.05937751017532,247.51202392578125
2019-02-08,249.44929781039355,245.74369651195784,249.36932373046875
2019-02-11,251.58207631531846,249.22719305017125,250.12472534179688
2019-02-12,253.19933185305064,250.18686654932694,252.44398498535156
2019-02-13,254.22124889069522,251.27986273064556,251.75083923339844
2019-02-14,250.6223069772402,248.0363698986786,249.3515625
2019-02-15,255.10103120496723,251.0843745913552,255.02105712890625
2019-02-19,255.67866015292188,252.88832672192342,255.34986877441406
2019-02-20,256.30956149754576,254.42565541058738,256.1229553222656
2019-02-21,256.3806098420076,253.79467351993628,255.4830780029297
2019-02-22,257.80327892188353,255.2154355464524,257.63372802734375
2019-02-25,258.9365960526123,255.6883865236053,256.15240478515625
2019-02-26,257.9192738617813,255.01909864263087,255.70620727539062
2019-02-27,256.42906280338025,253.769842182113,255.90257263183594
2019-02-28,260.1679970939407,255.21540142098925,258.7491455078125
2019-03-01,259.9895976072904,254.8763550488142,256.1078186035156
2019-03-04,259.07936708192045,251.73524752984108,252.6276092529297
2019-03-05,254.2873345803917,251.913649636909,252.42230224609375
2019-03-06,254.27849715598813,250.20039733281666,250.2717742919922
2019-03-07,249.87017030340928,243.65040911169396,246.68443298339844
2019-03-08,246.44353433262947,243.08824573969068,246.25611877441406
2019-03-11,249.29907096955165,243.2399277125448,249.16522216796875
2019-03-12,249.86125742796395,244.8729591636673,245.55116271972656
2019-03-13,250.42342110101637,244.8729312822551,249.1116485595703
2019-03-14,250.0486635850612,244.7926673487717,245.17637634277344
2019-03-15,245.85455094628142,241.00900680446625,242.0173797607422
2019-03-18,246.13112858217636,241.49083839592737,245.30123901367188
2019-03-19,248.65657243920936,241.44630217033298,241.8389434814453
2019-03-20,243.40951332660708,239.60807065581326,241.34815979003906
2019-03-21,244.24825247200033,240.24155815100607,243.15066528320312
2019-03-22,242.71345958413733,238.43906648111619,239.47418212890625
2019-03-25,240.95550817642558,238.1267366998494,239.68836975097656
2019-03-26,242.15123853926522,235.5120930745488,237.23434448242188
2019-03-27,239.59905805080888,234.9498623521516,235.51205444335938
2019-03-28,238.77811685344727,235.42285558836682,238.26055908203125
2019-03-29,241.5176419283968,239.21536117024968,240.58067321777344
2019-04-01,245.9527146799636,241.9460195685965,244.60523986816406
2019-04-02,245.88136454150256,243.2578188144563,243.9092254638672
2019-04-03,244.4000282212571,236.02967106774452,238.04641723632812
2019-04-04,243.70397609287053,238.02854174397555,241.8389434814453
2019-04-05,246.61304879691767,242.91868578273787,246.55950927734375
2019-04-08,247.38053300773151,244.04310867489338,247.094970703125
2019-04-09,246.48815919663193,243.34705569747186,244.03416442871094
2019-04-10,244.39106798374127,240.42007518795072,241.41058349609375
2019-04-11,248.00513131328,242.2939956680218,247.5321807861328
2019-04-12,252.85067160417017,248.30855420598584,252.58294677734375
2019-04-15,253.109429209295,250.03970346731137,250.0575408935547
2019-04-16,251.88698152600176,249.5579300588962,251.2980194091797
2019-04-17,253.25225032740755,248.68336258651388,248.763671875
2019-04-18,252.18139571562975,248.17467357987397,250.89639282226562
2019-04-22,252.77926007865736,248.75472778965315,252.440185546875
2019-04-23,263.1753332862763,256.4915254130633,261.11395263671875
2019-04-24,259.18644158712124,248.29961900711058,249.8612518310547
2019-04-25,250.83393998811445,244.239401370081,249.13845825195312
2019-04-26,254.18033475684797,247.7553460628535,252.65440368652344
2019-04-29,256.7234708550972,252.08318036551086,255.2153778076172
2019-04-30,259.4095326278732,255.67944037665316,258.7045593261719
2019-05-01,261.3994730039429,257.8567964161433,258.16912841796875
2019-05-02,259.7842940310697,255.83113884027838,258.7223815917969
2019-05-03,260.7837721608824,259.0793580612018,260.6053161621094
2019-05-06,260.89972205718954,255.9024923129397,259.9805908203125
2019-05-07,258.6332333457815,253.93049601200028,257.3393249511719
2019-05-08,260.14129713756233,256.74140092345726,259.2846374511719
2019-05-09,264.3621562375861,256.223821810393,263.2467041015625
2019-05-10,268.60090757333097,262.29190297587166,268.42242431640625
2019-05-13,264.79043967629923,260.73017848134907,263.67498779296875
2019-05-14,267.6817240028433,262.80050471059093,263.81781005859375
2019-05-15,264.8440437643833,259.94495938001944,262.7915954589844
2019-05-16,273.37501581987647,263.9249085611058,271.9115295410156
2019-05-17,275.49889265484995,269.10064600124326,273.678466796875
2019-05-20,281.1028524177617,273.0715975581394,280.7191162109375
2019-05-21,283.32473192896884,276.27508262830133,282.2003479003906
2019-05-22,282.9322625489108,280.5318068532392,282.5485534667969
2019-05-23,280.38889985651804,274.9454892489743,277.604736328125
2019-05-24,280.91534662522093,276.42677005151444,278.4792175292969
2019-05-28,279.08607673542423,274.4904201669791,275.0526123046875
2019-05-29,274.5975863941197,271.0103016024059,273.0716552734375
2019-05-30,277.7207267872942,273.9371230187607,276.4624938964844
2019-05-31,275.87103222200597,271.6590033208204,271.76654052734375
2019-06-03,276.3639876923264,271.5515055567281,275.073486328125
2019-06-04,281.1765151264168,275.808404912097,279.85015869140625
2019-06-05,284.0800647295485,280.0920804861014,283.8829040527344
2019-06-06,284.37585659205627,281.7410850889679,282.1354064941406
2019-06-07,286.2130407191647,281.68734205016517,285.24517822265625
2019-06-10,290.12031183162804,278.00394279180614,278.98974609375
2019-06-11,280.33405111213074,267.267759328416,269.5082092285156
2019-06-12,273.58585135552,268.81816680745294,273.20050048828125
2019-06-13,276.24755240853057,269.24838708856913,275.6919250488281
2019-06-14,278.2459369171649,274.75978408227706,277.304931640625
2019-06-17,278.57749175705413,275.20784701224744,277.34075927734375
2019-06-18,282.70897111271864,277.34983153436355,280.6746520996094
2019-06-19,282.82541595887255,279.6619019543918,282.4669494628906
2019-06-20,290.67602416905146,284.75225941992136,290.2010498046875
2019-06-21,291.1958186711366,287.43187833311913,288.7134094238281
2019-06-24,290.82837186548215,287.99643931509155,288.10400390625
2019-06-25,289.8603953767461,286.3294447929257,287.8081359863281
2019-06-26,289.23315778917964,285.03904146952726,285.61260986328125
2019-06-27,286.50879385230945,283.4259320671868,285.2362060546875
2019-06-28,290.2996325956252,283.59622250394546,289.56475830078125
2019-07-01,291.25852337041516,284.8777256343025,285.4692077636719
2019-07-02,290.3533462311521,286.0696069725853,290.0845031738281
2019-07-03,291.77824076203535,289.215179367293,291.4825134277344
2019-07-05,291.49142118254383,287.5034105339495,291.4376525878906
2019-07-08,292.03809380785583,289.0179723946791,290.353271484375
2019-07-09,292.10994490741945,287.76346550063624,291.9844665527344
2019-07-10,294.6638990056684,290.2278255300838,290.416015625
2019-07-11,294.1799725848602,290.38015185902947,291.1956787109375
2019-07-12,295.38982810650066,289.6991079215223,295.3181457519531
2019-07-15,295.97241454596025,290.54156595235526,291.5004577636719
2019-07-16,292.83585074264096,289.46620444073517,290.21002197265625
2019-07-17,290.48775380517804,286.4101190206028,288.5699157714844
2019-07-18,288.59678013698914,285.94409558459745,287.7991943359375
2019-07-19,291.1868754668457,287.82619979937556,288.7134094238281
2019-07-22,290.398173657166,287.0912672828986,289.6453857421875
2019-07-23,292.58477768267005,285.79171979112385,290.353271484375
2019-07-24,308.98490692841534,288.22040647059896,307.3628234863281
2019-07-25,321.6927693514771,308.5637376495358,317.8929748535156
2019-07-26,317.66882603991735,313.21481174319075,315.9212646484375
2019-07-29,319.04906609832676,314.4695718535715,318.5292663574219
2019-07-30,318.4216697396682,313.0087356276785,316.2708435058594
2019-07-31,317.2386587021142,308.6980668391205,309.6928405761719
2019-08-01,313.9676033825678,308.22308803032996,309.1999206542969
2019-08-02,310.9565580532764,303.3748552739312,305.74078369140625
2019-08-05,310.78628888598377,300.1844635213004,307.219482421875
2019-08-06,318.5291652395091,312.04083253484254,317.4716796875
2019-08-07,325.68082010374656,313.97670994559456,323.8974304199219
2019-08-08,333.7463727297232,325.68972386934365,330.654541015625
2019-08-09,335.7806351750279,326.7830098278907,332.0704650878906
2019-08-12,335.16236773283674,329.2117464298104,334.4633483886719
2019-08-13,338.16460782315914,330.60981587206953,332.1781311035156
2019-08-14,329.3641072626653,322.938511129432,323.8974304199219
2019-08-15,328.03770001349415,322.26629923859514,327.3028259277344
2019-08-16,330.9502640615137,326.9174547414217,329.7135314941406
2019-08-19,333.8539466989359,331.3177692384581,331.6582946777344
2019-08-20,334.16758336050617,330.05412068141044,330.6993713378906
2019-08-21,334.4453436873462,328.4498986026763,330.8158264160156
2019-08-22,334.7053236238134,328.52165960810913,333.3968811035156
2019-08-23,334.4006030260898,322.4276245523445,323.96905517578125
2019-08-26,328.73680479580577,323.9691198976694,328.5844421386719
2019-08-27,329.3730274996055,324.0586867732436,326.3708190917969
2019-08-28,330.1527136514395,323.66437906324603,326.1199035644531
2019-08-29,330.52014913671735,326.4335704563495,329.73150634765625
2019-08-30,332.77847873283156,329.095192377392,329.6777038574219
2019-09-03,329.0683329457125,324.8652466017395,328.2080078125
2019-09-04,333.495478423634,328.7725921693273,333.4327392578125
2019-09-05,336.0675052022271,328.8622102329031,330.1795959472656
2019-09-06,334.19988329349945,330.02667103489114,330.7731628417969
2019-09-09,331.02496717032074,319.27877668950543,320.0342712402344
2019-09-10,319.44971733115483,306.9120464844532,319.3687744140625
2019-09-11,323.4790936343292,318.31653227198797,322.7505798339844
2019-09-12,328.96539073299977,321.7701724051394,328.4797058105469
2019-09-13,330.53032768300517,326.671884335751,327.0946044921875
2019-09-16,335.2972098779237,328.2908848159464,334.0650329589844
2019-09-17,339.0656168988411,330.8270896887211,336.79913330078125
2019-09-18,340.5947153591256,333.7142921188123,339.4524841308594
2019-09-19,342.1865418139273,336.85309353478783,337.7974548339844
2019-09-20,339.6862905406387,331.0790030182593,331.1419677734375
2019-09-23,334.82960321610943,329.00146441063316,331.9964904785156
2019-09-24,336.84418324439974,329.675944884907,332.33819580078125
2019-09-25,337.6087143543376,331.99645149898265,337.2849426269531
2019-09-26,345.27161342035447,336.0886948107505,343.7066345214844
2019-09-27,344.38114528909404,331.70856980382587,333.84014892578125
2019-09-30,340.49568984403874,334.9194123934404,337.08697509765625
2019-10-01,339.15562962511365,330.6742720330946,330.79119873046875
2019-10-02,331.47466696160103,323.09225939032075,326.0332946777344
2019-10-03,328.27283855139683,323.11027810340863,327.6792297363281
2019-10-04,332.89575728740374,327.00465611492183,331.8614501953125
2019-10-07,333.76817356313,330.04463515028465,330.9080810546875
2019-10-08,334.730573996624,327.0406676809269,331.37579345703125
2019-10-09,333.97498828333744,329.19916506263246,330.647216796875
2019-10-10,333.7052689274211,329.6669609642559,331.6546325683594
2019-10-11,334.98245208197017,322.6426494216227,325.78155517578125
2019-10-14,332.14924594936707,326.19520733836396,329.5589904785156
2019-10-15,331.41182381446123,324.80121033425286,325.52972412109375
2019-10-16,328.42577196864494,324.963067362581,328.0030517578125
2019-10-17,329.1902195941075,320.08827340129295,320.4300231933594
2019-10-18,321.5452707323199,312.7580941794303,314.448974609375
2019-10-21,318.5143295198008,314.6289051693214,315.1415710449219
2019-10-22,319.43173385635623,312.09260757190657,316.931396484375
2019-10-23,318.18158383107397,313.29783528420546,317.6689453125
2019-10-24,323.99176007802714,305.97672978919474,321.0057373046875
2019-10-25,322.17495276477945,310.1949326623933,310.2938537597656
2019-10-28,313.3877531181898,309.6462360951806,311.6698913574219
2019-10-29,314.93474883626,311.0583266738064,312.24554443359375
2019-10-30,319.04502169884864,312.3174818980714,318.46038818359375
2019-10-31,320.0163293616351,315.105600501319,317.0213317871094
2019-11-01,320.151210923944,315.80711021887254,316.7065124511719
2019-11-04,318.0735757683371,304.4116544454087,306.39935302734375
2019-11-05,308.6478633748093,302.14517562299466,303.863037109375
2019-11-06,309.7272108912694,304.0879675278554,309.41241455078125
2019-11-07,310.5817200682063,306.8402018663522,308.8818359375
2019-11-08,315.41150042233403,308.43212745353463,314.88983154296875
2019-11-11,316.3468391841091,312.4704167522304,314.7908630371094
2019-11-12,317.2012210958042,314.242207062334,316.3108215332031
2019-11-13,319.96238233127826,315.25849821376795,318.1365966796875
2019-11-14,321.6442873395807,317.6329602530202,319.908447265625
2019-11-15,323.63188184226806,320.3760502669307,320.7807922363281
2019-11-18,322.14790078116846,319.7015254913993,320.8168029785156
2019-11-19,322.4896906508282,317.13823591778703,317.9747009277344
2019-11-20,321.0686755886396,316.9763782388945,317.4890441894531
2019-11-21,318.41540571126234,313.08195648313404,313.18988037109375
2019-11-22,314.8268178441559,311.9037600992805,314.03533935546875
2019-11-25,315.6631897454862,313.7654368396825,314.56591796875
2019-11-26,320.7448747692151,314.044343456518,318.2535400390625
2019-11-27,319.4227369552039,315.36645104846053,317.381103515625
2019-11-29,317.7060565913461,314.9886824823157,317.57061767578125
2019-12-02,318.6720824375396,308.39844875249554,308.5068054199219
2019-12-03,310.6643932696985,305.7984274045749,309.7886962890625
2019-12-04,314.049819687012,309.7887004381819,309.8428649902344
2019-12-05,311.55816802782914,308.66929064031166,310.9262390136719
2019-12-06,314.302748963232,310.8451148134141,311.2423400878906
2019-12-09,312.00947658724635,305.7080959994472,309.6983642578125
2019-12-10,313.27341009177877,309.7074213330204,310.9893798828125
2019-12-11,314.95252290531164,311.10667533440153,314.8080749511719
2019-12-12,315.8283150412346,310.565123710609,312.2713623046875
2019-12-13,313.7159021510709,309.46381806918987,311.1429748535156
2019-12-16,312.0817954625784,309.50886880695367,311.17901611328125
2019-12-17,313.50816140606497,310.1317755992011,312.2171936035156
2019-12-18,312.8672568850416,305.5005729632932,305.77142333984375
2019-12-19,310.0955891231455,305.14837720968956,308.9400329589844
2019-12-20,312.5603465256111,307.3332450560071,312.2804870605469
2019-12-23,316.7852071836851,312.81298432147565,314.2754821777344
2019-12-24,315.14219807392107,312.1991561768681,313.3366394042969
2019-12-26,315.0518948961792,312.37964862974127,314.13104248046875
2019-12-27,315.06996280703225,311.8380251675669,312.75885009765625
2019-12-30,316.64990266058163,313.16518709153377,315.13323974609375
2019-12-31,315.0519247323368,309.40955420225436,310.52899169921875
2020-01-02,321.1186218261719,310.2130319852881,321.1186218261719
2020-01-03,339.2825185503109,330.75124326041725,338.55126953125
2020-01-06,345.0964262994162,336.35750167956917,339.2915344238281
2020-01-07,340.0860251170601,335.0124092217156,338.51519775390625
2020-01-08,342.39707051247035,331.4102626517669,334.2901306152344
2020-01-09,337.1880561000245,333.2790339976377,336.15887451171875
2020-01-10,338.5422287653452,333.8116741716013,337.9915466308594
2020-01-13,341.0339722782011,338.37076189270465,340.1943664550781
2020-01-14,339.6075323444495,336.80891082399285,338.2443542480469
2020-01-15,344.6630470057339,338.25330908017105,343.29083251953125
2020-01-16,347.2179531867955,342.66796509129375,346.4686584472656
2020-01-17,347.28110463986815,341.51235973540827,343.0290222167969
2020-01-21,344.13045296884275,337.6033485333657,341.3679504394531
2020-01-22,343.3630885785667,338.7769816842469,338.8311462402344
2020-01-23,344.5368027526929,338.325675003338,344.410400390625
2020-01-24,346.82969083970545,343.23664741776554,344.5366516113281
2020-01-27,343.9498428740215,339.24637089764036,342.2165222167969
2020-01-28,346.64921562120634,337.8380805805605,344.7172546386719
2020-01-29,347.1005878405378,341.3769705056773,345.448486328125
2020-01-30,347.57900850616613,333.28799916832315,347.4526062011719
2020-01-31,346.9651600649033,335.9061135182038,338.154052734375
2020-02-03,334.0283261852985,327.4922131593899,328.3859558105469
2020-02-04,332.1324121609021,325.0004630648822,326.6344909667969
2020-02-05,333.02635128739735,323.91728166058454,332.04229736328125
2020-02-06,331.06721131465434,327.2574817355965,328.3859558105469
2020-02-07,330.5707028233192,326.01165090489235,326.2825012207031
2020-02-10,328.638781577693,322.85196235815573,327.9707336425781
2020-02-11,335.8158021957155,328.44008432875404,332.25885009765625
2020-02-12,333.333172701241,328.59358191877254,331.97900390625
2020-02-13,334.4526749883662,329.55058961141725,332.2228088378906
2020-02-14,335.50894022547766,331.32906731017624,334.8769836425781
2020-02-18,336.4116862753647,330.1915237720715,336.21307373046875
2020-02-19,337.9915319562142,330.38108204550946,330.5526123046875
2020-02-20,331.87974220484557,325.4790398815066,327.9346008300781
2020-02-21,331.5588513436674,324.4008895630896,330.72528076171875
2020-02-24,331.48633304609075,324.11996578822664,325.63311767578125
2020-02-25,327.4906265733519,306.9590342002535,308.0372619628906
2020-02-26,314.5428909221526,302.9089296991711,302.9179992675781
2020-02-27,306.0620068217326,294.4733405394221,300.4262390136719
2020-02-28,298.84065822239165,284.4884818027172,297.95269775390625
2020-03-02,305.2827705106529,291.6282615991225,304.4310607910156
2020-03-03,315.22239656577733,298.10671340025607,298.44195556640625
2020-03-04,315.30388288913485,299.4748091411926,314.37969970703125
2020-03-05,309.90370951975757,295.2525176297949,296.9921875
2020-03-06,300.725254937442,286.17374258758304,298.0614013671875
2020-03-09,290.61353773395496,253.70017161267106,283.854248046875
2020-03-10,303.66090514869455,291.4198667328525,303.43438720703125
2020-03-11,299.32987376970107,282.57661463340264,287.99493408203125
2020-03-12,279.9400103770376,262.09040773884357,263.21392822265625
2020-03-13,286.00160244533373,262.38936989156554,284.9596252441406
2020-03-16,272.2202976599179,248.7983288846976,256.0469055175781
2020-03-17,289.8432715069906,260.5680712467623,289.3358459472656
2020-03-18,295.24359639003103,270.56217382780216,292.6612854003906
2020-03-19,292.652197035671,262.3169230732141,269.0218505859375
2020-03-20,272.88171675520897,248.96139380374285,257.3425598144531
2020-03-23,256.64482636214075,238.57775323156574,244.51251220703125
2020-03-24,257.3243179465558,247.0222889374504,254.85980224609375
2020-03-25,273.6155619949394,252.79402284691045,261.27484130859375
2020-03-26,291.68268268591794,263.3316847579904,291.021240234375
2020-03-27,288.8284823198067,273.2712458285611,282.8302917480469
2020-03-30,292.58874093115793,279.8493449779725,284.25286865234375
2020-03-31,281.7883997491214,272.1659192686849,274.132080078125
2020-04-01,280.87315279928083,263.32254868410377,278.1549377441406
2020-04-02,285.16802199675254,273.3528365559918,284.76934814453125
2020-04-03,285.91101066492223,281.1632021979879,284.1532287597656
2020-04-06,303.77872181349403,289.4899776295023,301.1148681640625
2020-04-07,311.06354611086385,294.43712098398896,294.94451904296875
2020-04-08,305.0109640990802,296.35796154490265,298.7047119140625
2020-04-09,307.26705108953166,299.5926221697305,305.029052734375
2020-04-13,309.4598580175045,302.7549303275022,307.02252197265625
2020-04-14,318.93726069416704,309.87654306081004,316.0287780761719
2020-04-15,313.60056811882095,304.9022989989086,311.9515380859375
2020-04-16,315.63014882287894,310.16653642510653,313.71832275390625
2020-04-17,323.57635954202044,314.4069172722646,322.8333740234375
2020-04-20,321.09375124639234,311.2447545193849,311.607177734375
2020-04-21,314.0354656170958,301.07864813149894,302.33807373046875
2020-04-22,311.28098141263877,303.5068968962056,309.8856506347656
2020-04-23,311.68878411940887,304.07778445602025,304.2861633300781
2020-04-24,308.8255589919232,300.81588630131193,307.43927001953125
2020-04-27,314.20756992979,308.5174402725119,312.422607421875
2020-04-28,318.4117938702775,310.4564838290932,312.1689453125
2020-04-29,314.55186895727815,290.9668226425746,300.6617736816406
2020-04-30,300.73426837722945,292.6430545411468,299.6107482910156
2020-05-01,299.23021008626154,293.8118908016071,297.24591064453125
2020-05-04,296.28550407459244,289.72555252692604,292.2625427246094
2020-05-05,300.7614708044374,291.99070255375614,297.8620300292969
2020-05-06,300.37194679535224,292.22634046236726,292.6884460449219
2020-05-07,296.28547435277017,292.42559969174374,293.6941223144531
2020-05-08,298.1248036759896,292.4165623882407,296.8744201660156
2020-05-11,298.60508240203524,294.25594791645995,296.7113952636719
2020-05-12,301.29606972424784,294.82673112496786,294.9354553222656
2020-05-13,295.20719950895545,287.9586263719481,290.3597106933594
2020-05-14,288.4026857629175,278.46307553292564,282.6310119628906
2020-05-15,293.6579206681497,281.1088187952526,291.419921875
2020-05-18,302.48303925764975,292.2716189166147,300.0638427734375
2020-05-19,303.706201617863,295.98648002019826,296.3126525878906
2020-05-20,300.77056654991134,289.6802281231377,290.305419921875
2020-05-21,298.57783282571637,289.7164519153964,297.29119873046875
2020-05-22,298.0523174640063,293.05985320211033,295.2978515625
2020-05-26,302.03912530157515,293.0871289669679,293.739501953125
2020-05-27,311.23570432847225,295.5606711825666,310.7645568847656
2020-05-28,316.0198418761988,310.157553987382,310.5381164550781
2020-05-29,310.0467140943822,304.2778137942404,305.0057678222656
2020-06-01,311.30240634315487,300.50164024938636,300.8838195800781
2020-06-02,303.74995421558276,295.7699261386566,297.598876953125
2020-06-03,306.3614266655452,298.0720285890419,305.6971740722656
2020-06-04,310.2286737587511,304.050298294981,305.4970703125
2020-06-05,315.3696568807241,309.09120473090513,311.28411865234375
2020-06-08,317.80829609445544,310.720027072331,317.3715515136719
2020-06-09,315.63354827302663,310.27409775210515,311.6753845214844
2020-06-10,313.08574652437653,307.9719926433194,310.51068115234375
2020-06-11,306.3978343915532,291.92098199294145,292.0756530761719
2020-06-12,299.0911634592076,284.8781684276706,289.0638122558594
2020-06-15,287.55343535443615,280.75631938775564,285.36962890625
2020-06-16,299.7918849261088,289.1367102583706,295.4879455566406
2020-06-17,297.78091689111346,291.6935398772447,293.25860595703125
2020-06-18,292.53069490417766,287.62623177556424,289.20037841796875
2020-06-19,293.51335726239466,284.2412558295948,284.49603271484375
2020-06-22,287.1712007739604,281.69345614773016,287.1347961425781
2020-06-23,288.44510666892046,279.15481621356156,279.4368896484375
2020-06-24,277.7990052361583,272.2939916174963,274.7143859863281
2020-06-25,275.2876935081731,267.5169551315244,274.56884765625
2020-06-26,278.50872308462954,272.0027907874109,274.6688537597656
2020-06-29,281.18389892578125,276.0064439770626,281.18389892578125
2020-06-30,281.36593606494483,276.9801076344911,279.74627685546875
2020-07-01,283.11294276671094,278.8908943648553,280.3831787109375
2020-07-02,285.0238036896292,280.8199707743522,282.0483703613281
2020-07-06,285.26041024066,280.9473909143617,284.2594909667969
2020-07-07,284.35042973885703,276.2976200149333,277.04376220703125
2020-07-08,278.93644230105633,271.85725369554496,273.9773864746094
2020-07-09,273.25856978110284,259.77352419992354,260.1921081542969
2020-07-10,267.7171093946361,260.97458763271317,265.69708251953125
2020-07-13,269.855464877514,264.1411581433044,266.0155944824219
2020-07-14,269.2002697107067,261.6206083924098,268.9272766113281
2020-07-15,276.5524657118312,271.15663727876887,273.66802978515625
2020-07-16,278.41780118329217,269.7917350376678,276.29766845703125
2020-07-17,279.97369502850313,276.22482360822346,279.20025634765625
2020-07-20,279.1275182611821,274.1138420892167,274.33221435546875
2020-07-21,281.28406998462174,275.1512072574973,280.4287414550781
2020-07-22,287.89003891733626,278.4450505443766,287.53515625
2020-07-23,290.0102369088989,283.6134886544918,284.8600769042969
2020-07-24,290.0739035666933,282.31227372570936,284.52337646484375
2020-07-27,283.6407071901544,278.326769410158,280.27398681640625
2020-07-28,289.3004424346575,280.1739309476218,284.6871337890625
2020-07-29,288.1631199086346,282.5579986220841,286.8619384765625
2020-07-30,299.78270591803994,284.81451508738223,296.64349365234375
2020-07-31,297.16207579593504,289.5369588877416,295.7335205078125
2020-08-03,296.8072992801571,292.8400270607373,294.4414978027344
2020-08-04,295.9882973523751,291.9573250267899,295.7335205078125
2020-08-05,301.12032877899475,295.7336088088325,300.0102233886719
2020-08-06,299.9555938150189,296.1339404705698,296.9437561035156
2020-08-07,302.09389760563005,296.16122021561193,299.60980224609375
2020-08-10,305.97931372441326,300.60167395957694,305.48797607421875
2020-08-11,314.29592779879425,307.97196349068855,311.0566101074219
2020-08-12,313.0038985555083,307.1440016745155,308.8273620605469
2020-08-13,310.11951459081666,305.2423199314207,308.11767578125
2020-08-14,312.8674315121223,306.51616891184926,311.2477722167969
2020-08-17,313.0129960184155,308.02661620142595,309.1549377441406
2020-08-18,309.3005695020563,306.8892549925088,307.1895446777344
2020-08-19,309.6643794176501,305.9155086380601,307.4714660644531
2020-08-20,307.95375130585586,305.7608377523349,306.34320068359375
2020-08-21,308.5816739522053,306.1339829654066,307.4260559082031
2020-08-24,313.47703119553864,307.9265050877322,313.3951416015625
2020-08-25,313.98666333388155,310.69275147830064,312.1031188964844
2020-08-26,311.99392743599293,307.5716939524958,310.6563415527344
2020-08-27,317.7718362812851,311.24768812271856,317.5534362792969
2020-08-28,318.47635876458673,312.7382115423166,315.0042419433594
2020-08-31,314.73921155657274,312.0985817321471,313.048828125
2020-09-01,313.28640932503043,308.0233860134309,311.0112609863281
2020-09-02,320.02973584895744,308.8549544488591,318.30279541015625
2020-09-03,321.73834631236764,310.5910045304859,312.7016906738281
2020-09-04,317.11495567986526,308.2336159173041,309.7778015136719
2020-09-08,310.56355182732773,305.3736136080015,305.69342041015625
2020-09-09,313.18596058349254,307.6122757408499,310.125
2020-09-10,311.6143549425677,300.987811490968,301.545166015625
2020-09-11,310.8194816813433,303.08028867390743,309.6407775878906
2020-09-14,312.18095231338935,308.5260796450377,309.2479248046875
2020-09-15,310.61841620083925,305.8488075715747,308.85491943359375
2020-09-16,316.95967538994864,306.77169657927874,313.8347473144531
2020-09-17,315.662155313467,308.9097659787021,314.17279052734375
2020-09-18,316.0459030000915,311.72400722378865,312.03466796875
2020-09-21,309.34833580536815,296.41923285434393,297.77154541015625
2020-09-22,304.68844550678085,298.70360279740623,304.08538818359375
2020-09-23,308.2243326624564,298.34704805625506,299.7541809082031
2020-09-24,300.3390605996454,293.45876648433494,296.70245361328125
2020-09-25,301.1431861926018,295.0761127691466,299.69952392578125
2020-09-28,304.77971517045944,300.35732424803103,301.0882873535156
2020-09-29,301.9107269901325,296.43753697011067,297.2142028808594
2020-09-30,298.53909992892227,285.3084529070294,288.2688903808594
2020-10-01,293.3491164218505,282.66775209372855,284.9063720703125
2020-10-02,287.9490206724009,280.6209865845265,286.8616943359375
2020-10-05,289.858768912972,284.4404000231301,285.2444763183594
2020-10-06,292.69122261662807,282.23831620934806,282.3114013671875
2020-10-07,288.34192392993083,283.6179907807171,286.806884765625
2020-10-08,292.2252239114079,287.1083988222066,292.0972900390625
2020-10-09,294.6466301793837,286.56936680016196,288.0769958496094
2020-10-12,291.3024112201126,286.19473133425873,289.2739562988281
2020-10-13,290.9551360340288,284.95200373264106,285.628173828125
2020-10-14,290.1968097840896,284.5317476665642,287.72064208984375
2020-10-15,288.9724639158531,285.299299705822,287.6567077636719
2020-10-16,292.14302642761044,288.3328106168895,288.9541320800781
2020-10-19,291.3755062185002,284.0017962831999,284.4677734375
2020-10-20,286.6972403430039,281.6809382592607,282.3844909667969
2020-10-21,283.1063193554129,279.51541509939545,281.7631530761719
2020-10-22,287.5378606337822,276.84735107421875,276.84735107421875
2020-10-23,282.85052943784825,277.77025981152576,281.8180236816406
2020-10-26,285.39982540065176,275.66873419149283,283.10638427734375
2020-10-27,282.34795849770694,276.00675446102747,276.05242919921875
2020-10-28,277.99859316315224,268.2126850043976,268.32232666015625
2020-10-29,272.0046809690475,266.12033552530227,267.1619873046875
2020-10-30,268.5599695601368,260.52838164706,264.813720703125
2020-11-02,273.1833138380425,267.49084282341556,271.03607177734375
2020-11-03,280.6210407770258,273.4849061123898,278.5195007324219
2020-11-04,296.2821890289391,282.3388443000275,288.40594482421875
2020-11-05,289.90430389839025,279.6523918454983,280.87677001953125
2020-11-06,279.5428451352977,271.03613406461835,275.3580017089844
2020-11-09,290.19679407988383,274.1793213210257,275.284912109375
2020-11-10,289.55721502101244,275.4676997381723,287.3734436035156
2020-11-11,287.79373919684895,279.6159525221297,283.21600341796875
2020-11-12,282.13776943226503,276.25342481428544,279.80780029296875
2020-11-13,286.103317387384,280.61186440357704,284.8149719238281
2020-11-16,288.3510213967847,284.5499802780568,285.7469482421875
2020-11-17,288.5064042937215,282.93271996404604,285.6556091308594
2020-11-18,289.1185949546496,283.52661866515365,283.8007507324219
2020-11-19,284.96117590448705,280.4382893651705,282.77740478515625
2020-11-20,283.4444160040295,278.8667083825115,279.9814453125
2020-11-23,284.358129078665,279.14080787496727,280.0453796386719
2020-11-24,286.550963362032,281.88187980713616,283.23419189453125
2020-11-25,287.03536006484194,281.2880665545799,285.31756591796875
2020-11-27,286.070323877309,280.25949048300396,280.92962646484375
2020-11-30,281.2692668942375,274.60474639344596,277.4688415527344
2020-12-01,284.454640868658,275.88989429253485,276.4039611816406
2020-12-02,276.94556076025856,273.31952629828265,274.2650451660156
2020-12-03,279.7545877949397,274.219165898611,278.5428466796875
2020-12-04,282.45348275875574,278.2583042520884,282.0312194824219
2020-12-07,281.76494026513296,273.8244144485218,276.3121337890625
2020-12-08,283.3255522480985,275.761372882885,277.19342041015625
2020-12-09,279.71784029749875,275.45842519298947,278.8182373046875
2020-12-10,280.61745871043394,273.44803331240394,273.9529113769531
2020-12-11,276.504912415469,270.8501488903867,275.91741943359375
2020-12-14,278.50615657811,273.5582275390625,273.5582275390625
2020-12-15,276.00005039097664,273.3287234848454,274.0263977050781
2020-12-16,279.1395787758565,274.76082061077284,277.2393798828125
2020-12-17,281.81079517070896,275.09119990659093,276.0183410644531
2020-12-18,279.9473174779573,274.6689297530043,278.2674255371094
2020-12-21,275.3115367662973,268.74798175487956,273.2001647949219
2020-12-22,273.3929313026831,270.5471864405063,272.0159606933594
2020-12-23,278.00122135678237,273.15428526129676,276.0000305175781
2020-12-24,276.3855094829254,272.57589666046846,275.02691650390625
2020-12-28,279.7178628553351,274.76077318149964,278.1664733886719
2020-12-29,280.0115971462461,274.61386720147647,276.3029479980469
2020-12-30,280.4889345293462,276.60589488882897,277.7900695800781
2020-12-31,279.93822694602716,275.8532016065995,279.7270812988281
2021-01-04,279.28645447512946,268.27987424492915,270.5840148925781
2021-01-05,274.0080431805942,269.8863189075121,272.2638854980469
2021-01-06,277.31276235051155,269.16108995622153,274.604736328125
2021-01-07,274.42104157450325,268.545973076476,268.5826721191406
2021-01-08,269.50989132069407,263.093216597789,264.6813049316406
2021-01-11,270.7492506704519,263.59817262476355,270.5656433105469
2021-01-12,274.06309716747955,269.42730633918205,273.1359558105469
2021-01-13,275.403343592567,270.47379270356646,274.8984375
2021-01-14,283.509127243765,277.2026049573451,278.1664733886719
2021-01-15,278.62543755867586,274.4302878701132,276.0826416015625
2021-01-19,279.066102682305,273.4296883456217,273.5765686035156
2021-01-20,276.3763835347878,272.6860841600327,274.2742004394531
2021-01-21,275.22892777849154,272.0894220560282,272.5208740234375
2021-01-22,275.94492209154,270.391123696801,273.7050476074219
2021-01-25,280.16770832709403,273.45727195110004,274.7975158691406
2021-01-26,275.7614237413602,268.50938110252685,269.0693359375
2021-01-27,271.78648019813284,267.2791927996382,268.2705993652344
2021-01-28,271.91502114517954,267.4077331126357,268.995849609375
2021-01-29,265.83797854151436,259.6783370241758,263.1023864746094
2021-02-01,270.00563127398584,264.01121923389195,268.33489990234375
2021-02-02,277.3402485897765,269.9046013547884,275.3941345214844
2021-02-03,277.1842937037839,273.3471129464527,276.0735168457031
2021-02-04,278.8091183229416,275.1371952727327,277.0924987792969
2021-02-05,279.66276933131246,274.0722711360269,274.2834167480469
2021-02-08,276.86292120954846,273.64080072705934,275.51348876953125
2021-02-09,281.498797101017,273.61334566013215,278.86419677734375
2021-02-10,279.6628623709507,277.58824468485125,278.7265319824219
2021-02-11,279.24971302719683,274.60473337744594,275.0545349121094
2021-02-12,276.7803451013851,271.8232273524853,272.970703125
2021-02-16,273.6775452521655,266.77431360203417,267.0221862792969
2021-02-17,272.85139679794145,264.4518514968882,272.80548095703125
2021-02-18,274.2650225951934,270.850134030855,273.4296569824219
2021-02-19,274.3385286307247,271.98850035841605,272.8605651855469
2021-02-22,274.907591165054,269.9045867854904,273.5030822753906
2021-02-23,279.5801332794471,271.4009238253439,274.1824035644531
2021-02-24,279.49755771383184,272.55762653677704,276.9822998046875
2021-02-25,281.34264660006187,275.22889369776397,277.1291198730469
2021-02-26,276.7970803601951,268.97505309981926,269.0303955078125
2021-03-01,274.35264594296814,269.8512765962875,270.690673828125
2021-03-02,277.1844788013756,270.50623281254934,275.5979309082031
2021-03-03,281.31684622737583,274.85997084979607,275.89306640625
2021-03-04,280.30220506837685,272.41557565113203,274.42645263671875
2021-03-05,279.0108750568893,272.25882012838883,277.56268310546875
2021-03-08,286.10421322315034,278.16224040361067,281.9072265625
2021-03-09,280.8925792607047,274.232770912105,275.1551818847656
2021-03-10,278.6787424483523,272.9136750299359,276.7232360839844
2021-03-11,277.71945704592775,274.21430694060473,276.1790466308594
2021-03-12,279.7672109468745,277.58110164723996,278.3743896484375
2021-03-15,282.92185606457934,279.71185618371527,282.01788330078125
2021-03-16,283.57682920159795,277.9224448244317,282.1101989746094
2021-03-17,290.790113487026,283.04186549829006,286.4732360839844
2021-03-18,291.1037119680477,286.1134646025558,290.504150390625
2021-03-19,291.89700238879243,284.66527462933266,284.7021789550781
2021-03-22,291.205191692015,283.4661491531289,289.8307800292969
2021-03-23,292.7732455498934,288.8253275988521,289.7662048339844
2021-03-24,296.4351924118173,290.6885904046749,291.509521484375
2021-03-25,297.01634622528945,291.7493872222928,296.2691955566406
2021-03-26,298.1140447866095,291.1775234688654,294.267578125
2021-03-29,300.84428940076174,294.894756381217,298.0770568847656
2021-03-30,299.5068735065305,296.61048935265933,297.6435852050781
2021-03-31,299.15640766584875,295.4206254094278,298.5291748046875
2021-04-01,299.8573451880084,296.37986597143936,297.2377014160156
2021-04-05,305.3180582384126,297.84652308661595,304.9952087402344
2021-04-06,306.5263736280753,301.7206205689102,305.4656066894531
2021-04-07,308.32509372784847,304.27569613794475,308.0575866699219
2021-04-08,311.175408372647,307.13524301493493,310.04083251953125
2021-04-09,314.21930974306275,310.27139168573706,313.5736389160156
2021-04-12,316.30394854414635,311.50740024868617,314.2561950683594
2021-04-13,313.8687298030684,311.76563419100813,312.3375244140625
2021-04-14,316.74671492083763,312.3652628351841,315.29852294921875
2021-04-15,318.8128919022517,314.1639329672095,317.85357666015625
2021-04-16,320.832976472332,317.004976742259,319.5508117675781
2021-04-19,320.30725977237205,316.202519049585,317.8997802734375
2021-04-20,319.71694042296906,316.53463859416155,318.36102294921875
2021-04-21,319.66150794708864,316.8850700904672,318.71142578125
2021-04-22,318.40708287941794,315.2616577194159,316.78363037109375
2021-04-23,317.1248583797067,313.721159882904,315.5014343261719
2021-04-26,316.3776769383662,310.4465821443045,311.5903625488281
2021-04-27,314.42222787931513,309.9577620909311,313.49981689453125
2021-04-28,313.8687248598345,310.4558216583514,312.11614990234375
2021-04-29,326.6903142614186,315.1048062743793,324.8916015625
2021-04-30,329.19004669508837,324.90084111626027,326.9393615722656
2021-05-03,334.6782947710852,324.7255026082201,332.99029541015625
2021-05-04,339.91770670399745,333.45159620398863,339.5579528808594
2021-05-05,344.2806821020462,338.03596959418576,344.0500793457031
2021-05-06,346.76191524210185,339.7239157261853,341.338134765625
2021-05-07,343.791832679679,337.8330648646121,341.87322998046875
2021-05-10,349.23394340412636,344.3359442530157,344.7971496582031
2021-05-11,345.0555650857539,337.58405697702875,339.7240295410156
2021-05-12,342.7495215056797,334.945931086511,334.9736022949219
2021-05-13,343.83787158661823,334.41083173449283,341.34735107421875
2021-05-14,343.96704817086476,341.4396510982958,342.7771301269531
2021-05-17,345.60889245052385,342.5464816554971,343.9393310546875
2021-05-18,344.7142030811182,339.9268877925639,340.0191345214844
2021-05-19,342.214469627275,335.3148254426591,342.1222229003906
2021-05-20,345.2584445814599,342.3159510814597,343.1000061035156
2021-05-21,347.76729033557064,340.59093583678566,341.7162780761719
2021-05-24,344.9540103796597,339.96376396063766,343.3028869628906
2021-05-25,345.3321729569697,340.67398134975633,341.28277587890625
2021-05-26,341.6148659187426,337.0489209247294,338.2665100097656
2021-05-27,342.435757334157,337.6207721000281,341.7162780761719
2021-05-28,343.1707055454236,338.5575666087441,338.9188232421875
2021-06-01,342.79092109342923,338.3259992080063,338.687255859375
2021-06-02,342.45748187904485,337.8721030359718,340.16015625
2021-06-03,340.31756608451974,337.6404395723717,339.51165771484375
2021-06-04,351.10940714057995,345.4772923008944,349.7013854980469
2021-06-07,350.1552420941671,342.99464984996524,344.4490051269531
2021-06-08,345.40318891939495,341.0123616502677,343.7728271484375
2021-06-09,345.495816243732,341.4847905842606,345.153076171875
2021-06-10,347.98768795114563,343.5783157081144,345.0697326660156
2021-06-11,347.885780760276,342.92990139864946,347.431884765625
2021-06-14,345.6069386870583,342.1980265866231,344.810302734375
2021-06-15,349.5716031843921,346.2367861047015,347.3761901855469
2021-06-16,350.3219788412749,344.2730017972789,344.791748046875
2021-06-17,346.34800290801394,339.22447223431254,341.5403137207031
2021-06-18,342.9669789513293,338.3352942603506,340.14166259765625
2021-06-21,346.9872515688923,341.2624965094772,345.79229736328125
2021-06-22,346.8019111750704,343.7357391991807,345.125244140625
2021-06-23,345.1437721870803,340.9937737800951,343.0039367675781
2021-06-24,344.6528672576252,340.46583510217386,342.44818115234375
2021-06-25,347.7560732741755,340.947492692502,345.8107604980469
2021-06-28,345.8849205365633,341.2161750247015,342.93914794921875
2021-06-29,343.8932562948158,333.481239960097,333.7684020996094
2021-06-30,338.02949666433796,334.6854067930013,336.65850830078125
2021-07-01,340.85483755410695,336.6215004027126,340.5398864746094
2021-07-02,343.7264821565346,338.40004630949085,342.0035095214844
2021-07-06,341.29947132625193,336.0286136228844,340.5676574707031
2021-07-07,344.6529234868334,338.8540451313633,343.911865234375
2021-07-08,344.58797425693086,340.8363219921344,342.6889953613281
2021-07-09,345.99599207059686,342.17021739435245,344.43048095703125
2021-07-12,345.0142121057988,341.160646959338,343.05035400390625
2021-07-13,346.4314606636238,340.2342649592141,340.326904296875
2021-07-14,341.30873812007064,336.8345164253604,337.1309509277344
2021-07-15,338.77981262782623,335.065193923627,337.29766845703125
2021-07-16,339.02078997220224,334.7225731724474,336.08428955078125
2021-07-19,335.6303401776288,324.81073365356303,328.84954833984375
2021-07-20,336.01940346514374,329.442434767917,333.4534606933594
2021-07-21,336.5567416317151,333.3794127329203,334.833740234375
2021-07-22,334.45386825809254,331.89719808213164,332.7957458496094
2021-07-23,335.0560481225076,332.33261553682036,334.69476318359375
2021-07-26,332.9624552526036,329.12740786566116,331.869384765625
2021-07-27,338.1684744395042,332.06391896081556,335.5191650390625
2021-07-28,338.1036270371811,333.3422710437163,333.5830993652344
2021-07-29,342.5963850844177,336.08423877038143,338.72430419921875
2021-07-30,339.3912844531929,335.528447522781,336.2787780761719
2021-08-02,340.2990373646252,335.06524065089314,335.1856689453125
2021-08-03,338.68721724178977,332.239921772647,337.5941467285156
2021-08-04,337.18654940627187,330.24829676282246,330.93377685546875
2021-08-05,332.934645716412,330.70217108508825,332.29547119140625
2021-08-06,336.2324247403364,333.35150297505186,335.4357604980469
2021-08-09,335.0745514768832,333.2033613008902,334.3983154296875
2021-08-10,336.28799912215675,332.43443519472464,335.9637756347656
2021-08-11,340.25278716673307,335.5655249527669,339.1319274902344
2021-08-12,340.2897885174669,334.4075448856509,337.0568542480469
2021-08-13,338.40004302440235,336.0101068800541,336.3620910644531
2021-08-16,341.6515262160338,333.06436646870515,341.46624755859375
2021-08-17,344.3749634888611,338.95588778037404,341.47552490234375
2021-08-18,340.45653421657465,336.28801896866804,336.408447265625
2021-08-19,338.11288554441745,333.37004630319666,334.49090576171875
2021-08-20,337.80721812220366,332.7957331636515,336.2602233886719
2021-08-23,338.27041498522254,335.9453006170819,336.1861572265625
2021-08-24,337.60338611781583,335.5839508393354,336.047119140625
2021-08-25,337.5756436739074,335.01894525217847,335.9452819824219
2021-08-26,340.00268984104235,334.2038120370081,339.7433166503906
2021-08-27,342.7853838150154,338.2175134114943,339.4176330566406
2021-08-30,343.5668048819534,338.55240009610236,342.0038757324219
2021-08-31,342.27363661121547,338.76634451029486,342.0782775878906
2021-09-01,342.2551448826533,339.19438675828985,339.54791259765625
2021-09-02,342.72960376471474,339.5665240137635,342.6365661621094
2021-09-03,342.60864520436155,339.96654205521264,340.43170166015625
2021-09-07,340.0503221425668,333.58461962719747,333.8730163574219
2021-09-08,337.23138144950826,333.41709562644047,335.2870178222656
2021-09-09,336.5801892544388,331.8448679623946,331.9192810058594
2021-09-10,333.1565551115066,328.27237989751944,329.4259948730469
2021-09-13,332.635569200565,325.3884041504972,329.0538635253906
2021-09-14,331.02619363161824,324.7837311869222,327.22119140625
2021-09-15,332.3100688606353,326.94210827208536,330.9517822265625
2021-09-16,332.22627106097354,324.92328815987025,325.29541015625
2021-09-17,330.96105939408875,322.8393624592829,325.8349914550781
2021-09-20,327.146711033335,321.10894906357584,324.5046081542969
2021-09-21,325.93734831118616,320.85781325861905,321.09039306640625
2021-09-22,326.0490279110279,321.7230485562751,324.2348937988281
2021-09-23,328.21663219006234,323.98369080234767,326.4583435058594
2021-09-24,332.2541820593513,327.11880237888477,330.9145202636719
2021-09-27,336.15224675791774,331.78907553489756,332.3193359375
2021-09-28,335.84527808813965,331.5658034924545,333.3334045410156
2021-09-29,340.4968710193071,331.01691488002314,337.68731689453125
2021-09-30,339.23159573814223,334.81257968114215,335.054443359375
2021-10-01,337.6034815514145,331.6401332482601,335.770751953125
2021-10-04,341.69699313637574,336.3011240118624,340.18988037109375
2021-10-05,345.3996047757244,338.4501191031563,344.1064758300781
2021-10-06,351.1675878554019,341.0271143028321,351.0280456542969
2021-10-07,357.10300341017205,351.66063082630944,356.03314208984375
2021-10-08,363.69898590720294,355.4005262517936,362.5639953613281
2021-10-11,368.9459886193018,360.8150076149012,365.7643127441406
2021-10-12,367.1504364968918,361.9778644403095,362.88958740234375
2021-10-13,362.7500723385631,356.8518236689652,361.6150817871094
2021-10-14,365.4480313810053,361.8383879826684,362.7687072753906
2021-10-15,369.0762535806161,363.829239388793,367.8110046386719
2021-10-18,369.16931017108215,365.18754471641057,366.4434814453125
2021-10-19,371.50444042929786,365.4573642166693,371.4765319824219
2021-10-20,373.9976458965887,369.8112093262261,372.9463806152344
2021-10-21,375.2535052331759,369.3087808416391,374.7046203613281
2021-10-22,377.9980058633781,372.47190733967307,377.90496826171875
2021-10-25,379.598099768401,375.44888454796154,378.2863464355469
2021-10-26,370.96485703595727,365.31781152063184,368.936767578125
2021-10-27,368.44353229229387,360.4706919171331,361.1033020019531
2021-10-28,354.7771322761258,329.4724458352221,333.64959716796875
2021-10-29,334.59868649339126,327.4724363188396,332.3287048339844
2021-11-01,335.65913056513637,328.32823967323355,330.1237487792969
2021-11-02,333.30541081808906,325.9279872335397,328.5887145996094
2021-11-03,330.03069004925766,325.14651493224966,329.4352722167969
2021-11-04,334.4869100029327,328.65379154929104,331.8075866699219
2021-11-05,340.99924360213146,333.5473769364246,338.9804382324219
2021-11-08,339.9944324829988,335.24979908572647,337.95703125
2021-11-09,340.4503733487399,335.50106765306566,339.1199951171875
2021-11-10,341.3341121560404,336.18944806512786,336.86859130859375
2021-11-11,336.40340298649136,332.1239293115426,334.85906982421875
2021-11-12,335.7335972698105,333.40779927097964,334.58929443359375
2021-11-15,336.3941211353056,334.2357737452723,334.9149169921875
2021-11-16,336.0591636988175,329.86323536271846,329.8911437988281
2021-11-17,331.919283327317,329.10972956167996,329.2957763671875
2021-11-18,329.6679127427823,321.79741991033,326.93280029296875
2021-11-19,329.7981227191539,323.4626518854551,328.5235900878906
2021-11-22,339.882799184967,328.7096569659472,337.84539794921875
2021-11-23,342.5900095756539,336.7848274598453,338.8315124511719
2021-11-24,342.636558527527,335.6591643539464,336.189453125
2021-11-26,333.84422602667075,328.6490819216949,330.7514343261719
2021-11-29,335.255000964082,329.48990147448455,333.003173828125
2021-11-30,331.5082333108441,325.47212626237473,325.9112854003906
2021-12-01,329.7609890631925,323.2109843434163,323.2763977050781
2021-12-02,332.4519546177671,325.04233782288946,329.4339294433594
2021-12-03,334.6571318544601,329.4619877371617,334.3581237792969
2021-12-06,343.2533898554688,336.38572833590086,340.0765075683594
2021-12-07,341.11362736908984,337.07710467738434,338.8711242675781
2021-12-08,343.2252840817767,338.58142122489284,340.1979064941406
2021-12-09,344.17841551112923,337.20795807610534,343.7205505371094
2021-12-10,347.458032288047,341.98258706754086,346.7105407714844
2021-12-13,354.08274790105105,346.56098378379596,352.56903076171875
2021-12-14,357.2316676164847,350.8405207984654,351.5319519042969
2021-12-15,354.74620888866616,349.64450934020044,353.9613342285156
2021-12-16,357.93244230296943,352.7466235994997,353.8678894042969
2021-12-17,355.5684846900216,351.82161691281345,352.6905822753906
2021-12-20,352.41958491362465,342.91694211815,345.6733703613281
2021-12-21,355.24137850394874,346.63576015653894,353.6529235839844
2021-12-22,355.99823479982587,353.65293546677384,354.8863220214844
2021-12-23,358.96027105769576,355.07325231610236,356.1571350097656
2021-12-27,359.5675443114445,356.17574576482747,358.99755859375
2021-12-28,362.49222454070593,356.942012835561,360.04412841796875
2021-12-29,361.3709253812339,359.0069486518534,359.7264099121094
2021-12-30,362.28671556929885,358.98835942590455,359.29669189453125
2021-12-31,362.73515983764787,358.7920804450508,361.66998291015625
2022-01-03,362.60434794198454,357.624093516479,360.23101806640625
2022-01-04,371.7425758805888,362.109133651215,370.9389953613281
2022-01-05,373.3496603436386,364.5758316894491,369.0701904296875
2022-01-06,373.5926297924092,368.5189602037677,371.20062255859375
2022-01-07,374.8259990803431,370.08869236325677,374.1439208984375
2022-01-10,380.1426160398789,373.0413324194995,375.83514404296875
2022-01-11,375.33060320704016,369.5467964504233,374.3121337890625
2022-01-12,375.83520922221027,367.8182228462206,369.5748596191406
2022-01-13,373.6300155866819,368.49093260766386,371.518310546875
2022-01-14,377.48893341653906,369.90178416868105,376.97503662109375
2022-01-18,377.48903987139806,369.91124139681284,375.2745666503906
2022-01-19,382.1328099210909,375.13432346487116,375.29315185546875
2022-01-20,377.86274955948437,370.9296754090587,371.3314514160156
2022-01-21,380.8527222273589,371.71450068000814,372.6395263671875
2022-01-24,378.1897282939125,368.8272652362508,376.6106262207031
2022-01-25,378.9559876857486,367.2201931393276,376.7228088378906
2022-01-26,381.9273532489606,372.9946937636512,376.76959228515625
2022-01-27,365.5289183643786,346.9908219162585,349.4482421875
2022-01-28,355.75533742469105,345.1034259383597,355.25079345703125
2022-01-31,353.32594721529705,342.8048347649477,345.62664794921875
2022-02-01,347.52347142175097,340.6931652413577,346.2620544433594
2022-02-02,347.5141826281608,341.2818633638781,346.6358642578125
2022-02-03,350.2051160957847,343.8513525097465,349.28009033203125
2022-02-04,350.3172924172529,342.9170001934637,345.4865417480469
2022-02-07,350.95255417344674,344.04748368861414,348.67266845703125
2022-02-08,355.0638679187144,347.27115381829503,354.4284973144531
2022-02-09,359.42743995657645,354.7088107686148,359.13775634765625
2022-02-10,360.98784710677273,354.9984764905665,356.9513244628906
2022-02-11,374.8914332596234,355.3068631639234,373.1161193847656
2022-02-14,371.26605705660364,357.6615044463599,364.9683532714844
2022-02-15,363.3985683529434,355.3442001880571,359.5208740234375
2022-02-16,368.38811699542833,359.5488748838231,367.8274841308594
2022-02-17,375.0222042695461,365.72515373683825,371.9854736328125
2022-02-18,373.25621569262813,365.40744125634524,365.57562255859375
2022-02-22,370.4904282707056,361.49235875061675,365.0897216796875
2022-02-23,368.70582806472567,359.5862831410224,360.7449035644531
2022-02-24,376.46116398242924,364.3983318174235,369.53741455078125
2022-02-25,385.6352607017287,368.99332730107,384.31256103515625
2022-02-28,415.52317572074026,388.30880962361454,414.772705078125
2022-03-01,428.7973954505831,416.2549658866706,427.8686828613281
2022-03-02,429.21956746683213,409.06910881283363,425.3264465332031
2022-03-03,426.9211874803177,414.05041629108445,421.8554382324219
2022-03-04,443.66633812940324,422.1556479122899,439.56683349609375
2022-03-07,460.4395571441322,442.7375644270129,448.3661804199219
2022-03-08,448.21611300189306,420.45765655635057,421.4051208496094
2022-03-09,428.56288342752526,410.3730848649036,422.07122802734375
2022-03-10,434.4541981323068,414.49137013224066,417.08990478515625
2022-03-11,422.01489102005195,408.72199103270964,409.2942199707031
2022-03-14,415.25116859468335,404.5380514272568,414.0973205566406
2022-03-15,420.61720247977286,409.8290188787423,420.10125732421875
2022-03-16,415.68271956497955,390.4665402520433,398.1589660644531
2022-03-17,408.06524984682954,398.3371302500418,402.2583923339844
2022-03-18,406.5830922663651,398.0838841443242,401.4610595703125
2022-03-21,420.5232804917034,405.3635376597091,418.9566650390625
2022-03-22,420.2700486407677,411.39560429039506,418.6752624511719
2022-03-23,424.0225081130172,415.12928237106627,419.2569580078125
2022-03-24,426.96816668477425,418.4689280916048,426.4334411621094
2022-03-25,431.9306469818063,425.2982535967249,429.8199157714844
2022-03-28,427.5872116551392,417.0804782864733,419.144287109375
2022-03-29,422.71846167578417,404.6787643187376,418.68463134765625
2022-03-30,428.23458069807356,420.72975754997856,425.2701721191406
2022-03-31,429.5854029235925,419.0505269345728,419.538330078125
2022-04-01,426.7053243777095,416.5738279988575,426.6396789550781
2022-04-04,428.29082362320474,416.86473834379717,424.2945251464844
2022-04-05,434.81066787658807,422.60594072389694,425.9080810546875
2022-04-06,437.54989129275714,426.72417768917404,432.8968811035156
2022-04-07,443.3848607619782,430.6172685055421,441.6305847167969
2022-04-08,447.7189898098204,430.91756378833657,434.9607849121094
2022-04-11,441.7994724312919,433.12202256599085,433.5347900390625
2022-04-12,437.79373024069446,430.8893085981409,434.60418701171875
2022-04-13,440.96461479365445,431.8368639345966,435.76751708984375
2022-04-14,441.1428181467234,434.66052470938774,438.2816162109375
2022-04-18,444.0696998699277,433.4785116708717,436.7618713378906
2022-04-19,444.51999899412846,434.79187794382653,435.664306640625
2022-04-20,440.092135793523,433.8537584003551,434.716796875
2022-04-21,436.71497471606733,415.60766271280806,416.0016784667969
2022-04-22,428.39393141408533,416.2079879530679,419.70709228515625
2022-04-25,417.45572796370936,407.2773072977457,416.536376953125
2022-04-26,424.4727277644744,413.1498210975474,415.1198425292969
2022-04-27,422.7935331631335,412.5494384765625,412.5494384765625
2022-04-28,421.93984369007546,405.6262521434043,417.6152038574219
2022-04-29,421.52707491757997,410.91713539059873,412.20233154296875
2022-05-02,417.10858716005293,405.1853104571205,411.4705810546875
2022-05-03,425.176240024371,412.4743231532894,423.31878662109375
2022-05-04,435.2796819843702,422.39952074348486,433.9382019042969
2022-05-05,441.12402728761657,428.85362837462486,437.7749938964844
2022-05-06,440.4016898121785,429.3508410437714,439.6887512207031
2022-05-09,438.0189342904857,424.3507707994671,425.8798828125
2022-05-10,428.1031413582061,419.46322414320156,422.1180419921875
2022-05-11,429.9981427575019,417.5213879293158,418.8441162109375
2022-05-12,422.99994867060593,415.29813248582565,422.87799072265625
2022-05-13,426.3208064120425,419.6508809691677,424.8010559082031
2022-05-16,432.76557718178503,424.91366156921845,429.7261047363281
2022-05-17,433.60047139129773,425.4108525676754,430.8518371582031
2022-05-18,433.66612735514826,423.32824561318483,426.71478271484375
2022-05-19,425.32641080176353,412.01473076321776,420.73907470703125
2022-05-20,422.9811205070062,410.43866394227166,415.8890380859375
2022-05-23,429.9043771570407,418.6752850438282,428.4972229003906
2022-05-24,443.1972091189458,427.3807838791483,441.9401550292969
2022-05-25,445.0547449070113,438.2441093882489,438.6756286621094
2022-05-26,446.9965221647509,437.74684378519896,438.497314453125
2022-05-27,443.53485003143265,435.55960150464205,443.2618103027344
2022-05-31,441.31267930541316,430.1548608836691,440.6347351074219
2022-06-01,444.34467617026144,431.96280307108896,437.1321105957031
2022-06-02,439.72146451147216,423.4225834040742,435.83270263671875
2022-06-03,450.64382158176255,435.17354453715046,450.42724609375
2022-06-06,455.6719843201548,449.57048527138784,450.8887023925781
2022-06-07,463.54356826644215,448.84539948750415,463.3175964355469
2022-06-08,462.82799283150956,444.48585540951774,444.85308837890625
2022-06-09,443.7231420335062,435.4183327758704,435.8797302246094
2022-06-10,438.6291694821552,426.5391879989899,436.7271728515625
2022-06-13,438.55381909508054,430.83278982116445,433.7705383300781
2022-06-14,435.91743592333177,422.3397573068773,427.9139404296875
2022-06-15,435.62551879321114,421.53937565101853,431.6708679199219
2022-06-16,431.9439515300928,421.42643254450917,422.7917175292969
2022-06-17,425.35282112272574,410.59815786096374,417.9990234375
2022-06-21,437.63112751275816,422.41506692100825,436.68011474609375
2022-06-22,436.9060990342974,426.54863478087583,431.8215026855469
2022-06-23,433.74234023970007,423.1965759219069,429.5899353027344
2022-06-24,437.2828076436833,428.98742115894515,436.6142883300781
2022-06-27,441.4916397741479,434.3355675979133,439.5519714355469
2022-06-28,446.1430788481156,437.05676353577564,437.5275573730469
2022-06-29,440.66305556418297,432.49008100267764,434.8346252441406
2022-06-30,452.0091318929035,431.35069691853334,450.6156005859375
2022-07-01,459.40061944390845,445.96417370841306,457.9599914550781
2022-07-05,452.15043140315555,428.8555318372308,437.23565673828125
2022-07-06,456.6323110520419,436.41642428108554,453.7228088378906
2022-07-07,458.4212911993951,450.55905830953293,451.37823486328125
2022-07-08,454.98455585132035,450.65324695677737,452.366943359375
2022-07-11,453.6286944434933,444.9943513535063,447.734375
2022-07-12,450.464936531209,440.17339074559914,441.4916076660156
2022-07-13,449.05256400872844,436.8966641506503,438.0265808105469
2022-07-14,434.7781124885174,428.177573637571,432.1793212890625
2022-07-15,436.12457914113924,428.4318238092475,434.26025390625
2022-07-18,437.2639267241552,422.0196195299916,423.0177001953125
2022-07-19,431.49196718810293,417.2457413963536,430.67279052734375
2022-07-20,433.8552534922387,425.729377664529,429.4298095703125
2022-07-21,428.55426386262735,422.58457221946696,427.2925109863281
2022-07-22,436.1999403295449,423.7239029260778,425.4564208984375
2022-07-25,432.885491683673,424.7595857666692,426.84051513671875
2022-07-26,428.52603335273295,418.35689604935396,418.6770324707031
2022-07-27,421.5205635595736,415.61679049667515,419.7691955566406
2022-07-28,429.25100761436823,408.52665302916273,427.9139404296875
2022-07-29,451.77375372457317,429.42047157693764,450.92633056640625
2022-08-01,459.6548685807626,444.63653364985265,447.84735107421875
2022-08-02,459.8337792926334,444.61774655611043,452.9507751464844
2022-08-03,455.83196573854883,443.5065873271163,453.6098327636719
2022-08-04,457.75277727745953,449.62687220161456,450.11651611328125
2022-08-05,450.436672294529,441.97180912341014,449.69281005859375
2022-08-08,452.0373846632214,438.57269281300916,442.59326171875
2022-08-09,454.0146862764317,445.3803443764055,446.05828857421875
2022-08-10,447.2541162673637,442.1224522814646,445.5027770996094
2022-08-11,446.5573563441785,440.4935297387988,442.83807373046875
2022-08-12,451.7360969698527,441.8117551631275,451.56658935546875
2022-08-15,460.8318212645055,447.3388547059582,458.4307556152344
2022-08-16,460.0596741683221,455.00335371593275,457.1407470703125
2022-08-17,467.3099601899905,454.43847252796024,463.7413635253906
2022-08-18,468.15741797539704,461.7828508282159,464.0897521972656
2022-08-19,464.4286196598185,459.34405279344577,462.0840759277344
2022-08-22,464.3345389207693,455.483592186586,455.9073181152344
2022-08-23,457.2537996629328,451.65137026796776,454.6738586425781
2022-08-24,461.6603768668222,456.2744947844765,460.332763671875
2022-08-25,465.70917730721374,458.3459562547334,465.59619140625
2022-08-26,469.37580558969955,457.9992807581352,458.3961486816406
2022-08-29,462.2135226276472,450.80865223427253,459.0386657714844
2022-08-30,459.92689925334633,452.2638270073593,454.4276123046875
2022-08-31,455.99614348389105,450.6858467117186,451.6496276855469
2022-09-01,454.90950285219765,448.8243867543852,453.8512268066406
2022-09-02,458.622979765383,448.57875667100114,450.6669921875
2022-09-06,457.507979689357,450.4496241893909,453.3031921386719
2022-09-07,461.31587138271664,449.7409268693646,460.9001159667969
2022-09-08,462.8277737771085,454.7772621336023,462.74273681640625
2022-09-09,468.0813061489068,459.47331211395704,464.330078125
2022-09-12,464.04664713385796,454.9284303472045,455.7221374511719
2022-09-13,460.5410816329915,439.61169657965974,443.0888977050781
2022-09-14,458.46234599058323,445.84801177124524,458.15997314453125
2022-09-15,460.8812745481555,452.16935510241194,458.34893798828125
2022-09-16,460.9662726516883,453.8323098444268,458.4623107910156
2022-09-19,465.4261844425319,454.54099318969963,461.1741638183594
2022-09-20,468.74267870562363,454.52204537327,466.7773132324219
2022-09-21,487.08314216527316,465.46397422369955,465.70965576171875
2022-09-22,473.0420251201293,455.6843365938186,469.101806640625
2022-09-23,464.77420535619905,447.95508426266895,452.43389892578125
2022-09-26,455.45755550044106,446.32988080986956,448.2291259765625
2022-09-27,452.7835108621402,445.27159613070415,448.0118103027344
2022-09-28,459.07649580594534,438.6951368422467,457.0355224609375
2022-09-29,455.53315499915055,438.91248205416343,444.5534973144531
2022-09-30,447.8795451121199,440.7928434489534,444.40234375
2022-10-03,462.93163480838604,447.87948927304376,458.9441833496094
2022-10-04,469.72542735832434,460.1725684178393,463.2623596191406
2022-10-05,462.52539352839636,454.19142548231343,457.7536926269531
2022-10-06,459.5016145331014,454.48423326107184,458.4906005859375
2022-10-07,469.1584334483603,456.4023732862417,468.75213623046875
2022-10-10,480.95078585355185,470.55695747557724,476.065673828125
2022-10-11,486.204328223571,475.52704471944605,479.3538513183594
2022-10-12,480.13817311522683,465.07656916544903,465.24664306640625
2022-10-13,475.32863765750386,459.57728002161133,473.807373046875
2022-10-14,469.59320542320285,437.58963676049217,438.6101379394531
2022-10-17,452.3205349125157,440.5660573375782,448.9094543457031
2022-10-18,481.79175553748723,452.5850942964237,478.87200927734375
2022-10-19,488.31150390272705,473.8829901604391,482.75555419921875
2022-10-20,488.02804009399,481.10198334862156,484.20123291015625
2022-10-21,496.39973680666884,481.4231991177193,493.85797119140625
2022-10-24,505.17783376662067,495.38875174065646,496.9761657714844
2022-10-25,498.90380372715947,488.93518812263824,497.7226867675781
2022-10-26,505.71648457338284,495.95571830633105,501.72900390625
2022-10-27,508.1730905841674,480.00582210938114,505.9998474121094
2022-10-28,525.6158801663482,501.73840503488,517.905517578125
2022-10-31,523.1497630997892,513.993741845685,518.7560424804688
2022-11-01,519.7952708029139,504.81873416243326,506.3494567871094
2022-11-02,509.94013227362086,500.63295409145235,501.0770263671875
2022-11-03,502.06914064422654,496.513162222957,496.5509948730469
2022-11-04,498.1100135780341,481.9051252581319,493.96197509765625
2022-11-07,507.95577663420585,491.87367357143415,505.3006286621094
2022-11-08,512.2646494339203,502.9952451757613,511.1213073730469
2022-11-09,513.2565722231107,503.4485755702522,503.7604064941406
2022-11-10,510.9795330174196,494.85959459288404,502.29595947265625
2022-11-11,490.2391457994125,463.18683834675306,465.549072265625
2022-11-14,472.5128441026654,452.09368296547063,455.19293212890625
2022-11-15,481.895654652087,453.47327264979697,473.1270446777344
2022-11-16,479.7035036478411,468.7049587957015,477.2940368652344
2022-11-17,491.1461367040689,477.00110969659136,490.2579345703125
2022-11-18,495.8706965731031,487.40448674179714,491.74151611328125
2022-11-21,503.0990536285706,491.8075657526781,498.7808837890625
2022-11-22,504.3558896179057,494.5856641415053,495.73846435546875
2022-11-23,496.7966109181111,489.8043768365727,493.5556335449219
2022-11-25,502.25862122690984,494.94932035149344,500.4005126953125
2022-11-28,502.96017145029714,495.2905560287973,497.603759765625
2022-11-29,502.17319006565276,496.01097435826296,500.893310546875
2022-11-30,507.0936093798381,497.20562776319974,505.57672119140625
2022-12-01,507.5960222827486,494.49419386841953,502.7420959472656
2022-12-02,521.2950689722181,499.98329878469644,517.2469482421875
2022-12-05,514.962249163152,506.1075920171835,513.293701171875
2022-12-06,515.5404939261846,500.9028575459967,504.173583984375
2022-12-07,512.829130747091,502.3628640452807,512.1370849609375
2022-12-08,518.3371681809626,511.2364085508044,512.4593505859375
2022-12-09,517.3701863018258,501.3484584973014,501.4527282714844
2022-12-12,508.04159373157745,498.5896713680049,507.36846923828125
2022-12-13,509.1508945511643,496.1439020578354,498.2769775390625
2022-12-14,509.72910594764306,497.6701487801057,504.1452331542969
2022-12-15,505.6524687066671,495.4516221065491,501.02606201171875
2022-12-16,504.7139845170823,494.50364712445145,502.33441162109375
2022-12-19,510.04203748667015,499.1017514167486,504.8468322753906
2022-12-20,512.7058725332581,500.7227180641912,502.04998779296875
2022-12-21,512.4689618028547,502.24919125323703,510.7909240722656
2022-12-22,513.9289423192528,499.025883325357,503.7565612792969
2022-12-23,508.38280695739354,502.34384006139226,506.979736328125
2022-12-27,515.768033964705,509.0939001271815,513.066162109375
2022-12-28,517.0289262465039,512.1655106938571,512.32666015625
2022-12-29,515.938651548678,510.2410200562713,513.8340454101562
2022-12-30,518.4508786708509,511.4733686472767,517.25634765625
2023-01-03,519.3325736631091,509.9470797322823,512.2507934570312
2023-01-04,512.2698857552328,495.2242617027469,499.0922546386719
2023-01-05,505.97492208001614,495.76458393987224,501.05462646484375
2023-01-06,512.7437656300732,478.80418648783325,494.323486328125
2023-01-09,491.1097297024217,462.7540206302775,469.6651916503906
2023-01-10,476.20661854160363,465.4369738257055,470.02545166015625
2023-01-11,473.409903686295,464.0528194687393,467.3140563964844
2023-01-12,468.32848840681646,460.6399516037827,462.621337890625
2023-01-13,449.7470443001109,431.15612300141004,437.4510498046875
2023-01-17,441.05354349907964,430.1511605262226,431.8955383300781
2023-01-18,430.4829157862981,422.35829300388343,422.87969970703125
2023-01-19,429.46858357576497,419.22980636017405,419.3246154785156
2023-01-20,428.7954301197717,417.2199521647834,427.3354797363281
2023-01-23,430.86220423177656,425.03177602576704,427.4397888183594
2023-01-24,438.92997914902185,424.7189675941337,435.44122314453125
2023-01-25,441.7835176097733,433.88641295411304,439.21435546875
2023-01-26,448.6093560059337,416.1771169311222,420.42431640625
2023-01-27,420.9173274208671,408.54550349350404,414.90679931640625
2023-01-30,425.335217569364,413.80712691154736,416.4521484375
2023-01-31,424.7853062980578,412.9917692144706,424.7568664550781
2023-02-01,425.68596650806666,419.14454153236187,419.5901184082031
2023-02-02,421.5714761417964,413.34255335350025,417.9499816894531
2023-02-03,430.84322332298086,417.1536195875063,417.7414245605469
2023-02-06,430.16065724398595,419.950348141104,425.6290588378906
2023-02-07,430.5304063150516,420.44331719841864,428.6532897949219
2023-02-08,433.14702191388204,426.9468749776353,432.3601379394531
2023-02-09,437.91555884328704,428.8902632249179,430.2649230957031
2023-02-10,440.2002765021833,432.71081943896445,439.75469970703125
2023-02-13,446.5142192761129,435.1378190501824,440.1529235839844
2023-02-14,446.44794661859845,441.6603601052978,443.21514892578125
2023-02-15,443.7649441536148,435.08095486658755,436.98651123046875
2023-02-16,444.1820055562721,432.6539180735501,441.1672668457031
2023-02-17,446.21090307053066,438.7309054903161,446.1729736328125
2023-02-21,454.25022166764774,444.2200404990956,449.3204650878906
2023-02-22,456.47803155792764,449.3203917531078,453.85198974609375
2023-02-23,457.27437515146386,448.14480990925483,451.5103454589844
2023-02-24,454.81200592659644,445.82041804393805,448.0659484863281
2023-02-27,451.1012871211081,444.6977507802776,447.26678466796875
2023-02-28,448.8556955036782,440.83464512866385,441.5958251953125
2023-03-01,443.08018323010805,436.9716071056509,440.11151123046875
2023-03-02,446.13447041496124,437.99921650928997,445.5540466308594
2023-03-03,447.8661360653071,441.9859086664889,444.7071838378906
2023-03-06,451.38667402454564,443.3560992357595,447.4094543457031
2023-03-07,452.88050129688304,447.84711323556667,449.29339599609375
2023-03-08,452.55704000934134,438.56063498204907,442.6805725097656
2023-03-09,446.84812326826983,435.97260270305935,436.7718505859375
2023-03-10,440.720412675479,435.01147581994445,437.475830078125
2023-03-13,440.4160283494945,431.7099034897669,435.5348815917969
2023-03-14,437.6662231180984,427.43770929978945,431.6528015136719
2023-03-15,434.24080958124057,418.53170767030105,427.1236572265625
2023-03-16,433.85069499624393,426.26732205621295,428.3130187988281
2023-03-17,428.3225802687416,419.90189113862243,422.080810546875
2023-03-20,430.36831008814255,423.4224467928767,427.4662780761719
2023-03-21,432.6042705685343,425.38246789637486,428.15130615234375
2023-03-22,430.4539077726494,421.59554153808335,422.080810546875
2023-03-23,424.4214745179594,419.33099904030587,422.88006591796875
2023-03-24,434.0695761677363,421.5099015715095,433.1656494140625
2023-03-27,437.4948777346925,433.09900071731664,436.02008056640625
2023-03-28,439.11248885676235,435.39216071048304,436.7337646484375
2023-03-29,440.1400619331025,435.30650737077815,439.1790771484375
2023-03-30,440.463598530127,436.25800152965235,438.6177062988281
2023-03-31,440.8441665044945,437.1619064146143,439.32177734375
2023-04-03,448.67488371450855,440.20663256418055,446.42938232421875
2023-04-04,449.04602017676626,442.44267979407124,445.3923034667969
2023-04-05,450.6254577045779,444.5549497159306,448.0659484863281
2023-04-06,453.1564366988663,445.5730635841746,447.5711975097656
2023-04-10,454.973753598389,448.1325416710699,453.4228210449219
2023-04-11,453.0232461686419,444.84995358383844,445.5540466308594
2023-04-12,451.7006950277959,443.42272340240504,449.83575439453125
2023-04-13,452.9756125870195,446.886085603147,451.15826416015625
2023-04-14,450.1402109154567,446.0297688787765,449.64544677734375
2023-04-17,454.5075719894243,448.5131987704297,451.7577819824219
2023-04-18,459.950071070489,452.6616571828755,456.2107238769531
2023-04-19,459.3696762636615,453.0993632274839,453.9271545410156
2023-04-20,455.1926557633177,449.1697388830152,451.1773681640625
2023-04-21,452.6426027962286,446.0868259615985,449.0935363769531
2023-04-24,449.702570221442,443.8699338615175,448.0755310058594
2023-04-25,447.30475867319683,441.8908096026578,442.8898620605469
2023-04-26,441.80516652673964,427.28545453775604,427.3044738769531
2023-04-27,437.3807318834776,421.5098923416534,435.4777526855469
2023-04-28,439.17904949948115,433.43204434395716,438.8935852050781
2023-05-01,443.42268254398556,437.2950873985268,440.27325439453125
2023-05-02,438.48450575988977,426.8192328551701,427.0380859375
2023-05-03,430.3396973079716,422.05223136552473,422.1854248046875
2023-05-04,423.67931456242565,414.0883115678072,420.77728271484375
2023-05-05,426.69555833037066,420.49182703706595,425.1351013183594
2023-05-08,429.0742072057401,420.43466617286253,420.7867126464844
2023-05-09,423.4984722566504,419.48318527066243,420.85333251953125
2023-05-10,423.4128572389992,417.41848458283806,421.5384216308594
2023-05-11,418.9503921656445,412.16626653061445,414.7067565917969
2023-05-12,420.37767906033105,413.6791831706207,417.47564697265625
2023-05-15,418.7315187050226,414.8494540217191,418.05596923828125
2023-05-16,418.97894459747926,414.326175357154,414.4974365234375
2023-05-17,426.647950478767,416.35282556378115,425.6393737792969
2023-05-18,425.2397631238522,416.51459033970065,422.080810546875
2023-05-19,424.6498153413597,419.40712716252153,421.80487060546875
2023-05-22,423.584106040413,417.1710758388782,421.57647705078125
2023-05-23,424.24064851619545,418.902805984119,421.5384216308594
2023-05-24,424.6974220344545,419.9685171905478,420.0256042480469
2023-05-25,418.6079432283472,408.2842732363337,412.4803466796875
2023-05-26,421.91217349432293,413.416770627444,418.86376953125
2023-05-30,421.5394485485843,413.13961313922056,418.7108459472656
2023-05-31,421.7688301781771,415.32801567094367,416.1593933105469
2023-06-01,419.73339079899847,414.28639175200624,419.04534912109375
2023-06-02,427.282625176061,419.2650297449748,424.12908935546875
2023-06-05,427.14897171017185,422.4282463937369,425.77288818359375
2023-06-06,429.42324165164183,424.46361440285904,428.2096252441406
2023-06-07,434.3255406983049,424.53052025351366,433.2265930175781
2023-06-08,437.5172977139053,432.3187672518253,435.25250244140625
2023-06-09,439.3043195756594,434.0293526121598,434.09625244140625
2023-06-12,433.8095244136404,428.34342375299616,433.3795166015625
2023-06-13,433.68523886374555,425.40010187283195,431.12420654296875
2023-06-14,433.3125908716587,426.35573855246514,428.01849365234375
2023-06-15,434.5931358669577,426.929139683252,432.7679138183594
2023-06-16,438.53977890323256,432.50987126961496,438.004638671875
2023-06-20,440.24084025798925,433.93379600410594,434.1726989746094
2023-06-21,442.0946738423162,434.0102065065044,441.9417724609375
2023-06-22,440.527505352014,435.5774428787628,437.7275695800781
2023-06-23,439.6865127430572,432.53855544502574,433.8955078125
2023-06-26,429.9584313559867,423.1449142202583,428.1332092285156
2023-06-27,431.4013812179813,425.57214356898425,428.5345458984375
2023-06-28,430.5699699141783,421.10941993333466,423.0110778808594
2023-06-29,431.4013978741102,422.7626589453876,431.191162109375
2023-06-30,439.11318130104706,429.93930231901066,435.5678405761719
2023-07-03,438.4728986004736,432.146753384448,437.8230895996094
2023-07-05,439.2278551581904,433.0068130242171,438.673583984375
2023-07-06,440.23128767822305,433.8860397608722,435.73992919921875
2023-07-07,435.6060552887183,430.76109673192076,432.3665466308594
2023-07-10,435.32893842061674,431.32492269528626,432.5003356933594
2023-07-11,441.4926103414948,433.0545717677505,440.298095703125
2023-07-12,441.0148229532843,433.06412618825647,433.2265930175781
2023-07-13,437.63199816131174,430.751610284046,436.7432861328125
2023-07-14,435.98830443492176,429.7863933822961,430.63690185546875
2023-07-17,436.7145852581498,429.40416094364093,434.07708740234375
2023-07-18,440.1930525875013,420.94701610493723,423.0302429199219
2023-07-19,426.0403899129764,419.17910428550925,422.6479797363281
2023-07-20,434.9562794145786,423.5176047646636,434.1917724609375
2023-07-21,436.7719914019148,431.8410302870083,433.2935791015625
2023-07-24,435.1187112026953,431.36316380070014,432.13720703125
2023-07-25,436.9917156914994,424.3393959904913,436.8961486816406
2023-07-26,439.4093928605577,433.8668273266041,436.8674621582031
2023-07-27,427.14887773808033,412.4515646688215,425.54345703125
2023-07-28,432.31874753436614,425.7250323275409,429.719482421875
2023-07-31,430.5031492426154,422.8582542505157,425.2472839355469
2023-08-01,429.70033765869755,425.2471838740798,428.2573547363281
2023-08-02,428.53451899119284,424.6451723194436,427.6075744628906
2023-08-03,428.1044830484227,422.00767563811894,422.9632873535156
2023-08-04,425.0274479509374,418.2426275306185,419.0740051269531
2023-08-07,419.857600267451,413.88502632089137,417.2774658203125
2023-08-08,418.9593526721152,413.1205492075159,413.6843566894531
2023-08-09,418.1470598109521,413.26386837757485,416.2167053222656
2023-08-10,415.4426674851537,410.56907060167225,411.17108154296875
2023-08-11,413.45499298955696,410.5977231219271,411.91644287109375
2023-08-14,413.67481923645624,409.96704066864254,410.38751220703125
2023-08-15,409.4032229704286,403.0101776519382,404.3862609863281
2023-08-16,409.5273846581531,403.7268437705867,408.3233337402344
2023-08-17,413.063205630531,409.09742244434483,410.11993408203125
2023-08-18,418.11838513733966,409.11650936493936,411.0755310058594
2023-08-21,415.4235183840503,410.02431812472213,414.4392395019531
2023-08-22,418.7682282697775,414.7451105258066,418.29998779296875
2023-08-23,420.47878130300234,414.13350459282873,415.2324523925781
2023-08-24,418.26173780795295,412.9389729971606,412.9963073730469
2023-08-25,415.8179922813744,411.25911065797794,412.2764587402344
2023-08-28,413.97527135849276,411.27833504975166,413.8025207519531
2023-08-29,413.84088630413913,408.8597058544276,412.75634765625
2023-08-30,418.4573321712134,413.6585095545711,417.30560302734375
2023-08-31,419.83944121828176,415.6356674612631,415.6644592285156
2023-09-01,419.5226606299518,417.3727974504267,418.0926208496094
2023-09-05,418.3613935600981,413.6585527625,413.7353210449219
2023-09-06,414.6471059437824,406.4027314058152,406.5946960449219
2023-09-07,414.0808315568939,408.51420872465314,413.64892578125
2023-09-08,413.4953463282973,404.0128972203078,405.711669921875
2023-09-11,408.00555395349863,399.94353640265984,407.8999938964844
2023-09-12,409.0612404326013,404.8094905079321,407.0169372558594
2023-09-13,414.55116053432005,407.4297228506466,409.15728759765625
2023-09-14,415.04058209808863,407.1129175853094,414.9254150390625
2023-09-15,418.2077794802065,414.10959555439314,416.0483093261719
2023-09-18,424.79179786787716,417.5263731575671,422.79547119140625
2023-09-19,423.8896519805718,418.02547483324,418.4285888671875
2023-09-20,426.00113473941366,418.11189722618656,422.4692077636719
2023-09-21,423.3233633230127,419.1867803948592,419.5226745605469
2023-09-22,418.48617061831897,407.324103280507,407.8039855957031
2023-09-25,411.71021521556787,403.2162927800387,408.447021484375
2023-09-26,409.72345246526396,404.6558971600501,409.41632080078125
2023-09-27,420.41529018510505,409.8578796704856,419.6474609375
2023-09-28,425.3964607090487,420.9719308127519,421.8165283203125
2023-09-29,424.7246359785077,420.5208622579279,422.4787902832031
2023-10-02,427.8149690162598,422.6898307821787,424.427001953125
2023-10-03,425.72275599361683,416.21148606716235,416.8353271484375
2023-10-04,414.3783763715078,403.2163091091278,405.29901123046875
2023-10-05,407.18968945793745,402.966702295515,403.16827392578125
2023-10-06,408.20714247266193,397.8800645930279,406.2108154296875
2023-10-09,455.38913160746904,430.67519241640326,452.63458251953125
2023-10-10,455.8689635916235,444.0158658769032,446.4056701660156
2023-10-11,455.5426501661483,447.5477952362549,454.32373046875
2023-10-12,460.1304043878874,452.1163633019052,458.10528564453125
2023-10-13,471.2347570054769,461.0228780748001,470.4285583496094
2023-10-16,475.08345612456276,463.16316742888296,469.3920593261719
2023-10-17,476.8974469016574,464.4205070820719,469.32489013671875
2023-10-18,476.0336493898405,468.64347931376045,471.01409912109375
2023-10-19,473.5766504572841,468.0100273649337,470.2270812988281
2023-10-20,474.8626960198749,466.06167149562333,466.15765380859375
2023-10-23,468.2691173890714,461.1092820578568,461.2628479003906
2023-10-24,467.53972168631526,458.74827480441826,459.18975830078125
2023-10-25,466.7335202728292,460.72541370359846,463.81585693359375
2023-10-26,472.20415798649645,454.93800312712995,458.5563049316406
2023-10-27,459.2665577864555,450.03362678079384,454.0358581542969
2023-10-30,455.88816780318626,448.59395126039726,449.82244873046875
2023-10-31,452.91294359550517,445.1772426697788,452.46185302734375
2023-11-01,455.64823532333014,448.3444409130598,449.41937255859375
2023-11-02,456.94393598867373,445.03325368180316,456.627197265625
2023-11-03,457.8077284222111,451.2141501017262,451.6460266113281
2023-11-06,455.28350462844384,450.80142058481533,452.0491027832031
2023-11-07,454.25655508342714,446.06976454827895,448.88189697265625
2023-11-08,450.686226591882,441.0309975172749,441.952392578125
2023-11-09,443.8431368419186,438.76597406859906,442.537841796875
2023-11-10,445.5610997684031,439.89849459770835,444.630126953125
2023-11-13,447.45182132169606,443.4400125441704,445.6954650878906
2023-11-14,449.82247592588675,442.03879890196447,448.0469055175781
2023-11-15,449.0162798708735,444.1310814310519,446.28094482421875
2023-11-16,448.2868051030923,444.22701987465575,445.215576171875
2023-11-17,447.5094091385069,444.57253193929387,445.4939270019531
2023-11-20,449.09305664862984,444.246227929761,447.0775451660156
2023-11-21,453.02800009861045,443.9006601977632,452.1162414550781
2023-11-22,453.9110579024492,448.9394844613083,452.48101806640625
2023-11-24,456.3642955622725,453.21337755193326,454.35040283203125
2023-11-27,453.6661830611096,448.6073536534473,451.3343200683594
2023-11-28,456.32570572979523,451.7390241790515,452.9627685546875
2023-11-29,454.24436103486204,447.52816128026404,450.3900146484375
2023-11-30,458.92741621787263,451.33437790196,457.85784912109375
2023-12-01,463.0804458132262,457.80962581518787,462.3674011230469
2023-12-04,463.0612351428498,457.6651435907533,462.839599609375
2023-12-05,462.93594359122466,457.97347804930547,459.2550354003906
2023-12-06,463.62011046948214,457.9060190942289,462.8010559082031
2023-12-07,466.04834248171704,458.99488084632105,460.0933837890625
2023-12-08,462.367383887169,458.0505053957069,458.9081115722656
2023-12-11,463.4177182617181,459.54411053393204,461.3267517089844
2023-12-12,464.1500735461797,460.08373655137655,461.7989196777344
2023-12-13,468.68852170932723,461.5387255232489,467.3491516113281
2023-12-14,462.5215828306472,444.8783139714262,446.7765808105469
2023-12-15,445.63954788669656,438.4319094267646,444.2615966796875
2023-12-18,449.76373682698966,443.7413199610285,448.4725341796875
2023-12-19,450.312945610735,445.74555420436855,447.2583923339844
2023-12-20,446.95967216852137,440.49401399982014,440.5132751464844
2023-12-21,445.0710497801737,441.6021319753013,442.4982604980469
2023-12-22,448.4821065699009,444.64705070151933,446.265869140625
2023-12-26,448.8000965227641,445.5624303110445,447.5859680175781
2023-12-27,448.8868435601868,445.75518697017606,447.3161926269531
2023-12-28,450.3900379455737,446.3333463977952,448.7230224609375
2023-12-29,451.85462649622315,448.08699961814705,451.0934143066406
2024-01-02,459.0141512322108,450.2551515637952,452.97247314453125
2024-01-03,466.21212627799815,453.6951448267175,457.5880432128906
2024-01-04,466.1639728730992,454.4756614889785,454.5527648925781
2024-01-05,455.5067226783086,450.1877344858373,452.77978515625
2024-01-08,458.08907995271153,448.2701297990939,457.9541931152344
2024-01-09,460.42099188028686,452.8857370279616,455.0345458984375
2024-01-10,459.70791489863757,453.95530131107085,454.7647399902344
2024-01-11,455.8246422080018,448.3857522701959,450.32257080078125
2024-01-12,463.9284234939284,451.70050646808556,463.562255859375
2024-01-16,464.6125806255165,458.69614457299417,460.498046875
2024-01-17,465.3160228601763,456.3353875403448,456.6244812011719
2024-01-18,458.8792060796409,451.4595775900586,457.34710693359375
2024-01-19,458.06015928674975,452.26899438607387,453.3482360839844
2024-01-22,453.6276627737366,449.3108135336886,449.6287841796875
2024-01-23,453.7433539107703,447.89437560187525,450.8815002441406
2024-01-24,455.76683866470984,445.95753365770184,447.0271301269531
2024-01-25,432.6504327379356,410.4879384106026,418.7265930175781
2024-01-26,423.2747168720784,415.8069199867863,422.0124206542969
2024-01-29,426.44491375217746,419.30473300827015,422.34967041015625
2024-01-30,428.85387030545,421.40533494577863,427.3506774902344
2024-01-31,433.32498236931696,428.3528711057758,430.4920349121094
2024-02-01,431.46519676015276,426.57983464540905,429.9716491699219
2024-02-02,431.4362760023896,425.4235047339559,430.3185119628906
2024-02-05,429.5862148979041,424.20938482901863,426.17510986328125
2024-02-06,433.5369236300837,424.88390482454804,431.85064697265625
2024-02-07,437.40088518329037,431.85064602222093,437.3719787597656
2024-02-08,437.61285248739966,433.4308901341379,434.78955078125
2024-02-09,438.97150801197853,434.11502332672467,438.3548278808594
2024-02-12,439.0486257244262,434.876279153579,435.03045654296875
2024-02-13,438.99081743383977,427.0134417670702,429.9234924316406
2024-02-14,433.6139739976038,426.86886773541886,430.11614990234375
2024-02-15,435.2135098574269,430.193232106227,433.61395263671875
2024-02-16,436.37948603187726,431.69646897907273,434.5390319824219
2024-02-20,443.77020654525126,436.3602228121584,437.3816223144531
2024-02-21,444.3001838942828,437.2371063869284,443.2498779296875
2024-02-22,442.71024323873075,435.0690083272709,440.4072570800781
2024-02-23,446.58022494248996,440.75561262318774,446.1351623535156
2024-02-26,450.634281729721,443.9872493837833,444.43231201171875
2024-02-27,444.36453963075667,439.2655862962514,443.48406982421875
2024-02-28,447.08332365679973,442.37138272350836,444.054931640625
2024-02-29,446.52217164791017,440.62982410701585,446.0577392578125
2024-03-01,446.03838479426264,439.09141660350315,440.1363525390625
2024-03-04,446.26092458177857,440.6685139886027,445.1482238769531
2024-03-05,449.5021621629447,443.0970172908226,443.3872985839844
2024-03-06,448.786199416671,443.0196378118113,446.1061096191406
2024-03-07,444.67414892695194,439.517145376614,441.5876770019531
2024-03-08,444.96439294804037,438.43346260223734,444.5870361328125
2024-03-11,447.2381353590011,443.474399451211,444.3451843261719
2024-03-12,445.94162730379503,439.7783684057838,443.948486328125
2024-03-13,447.1994630232576,443.1647860080452,443.3583068847656
2024-03-14,446.41572039878184,442.39072858551697,445.90289306640625
2024-03-15,449.3183718270138,443.01964253438894,446.7640380859375
2024-03-18,448.4765716127874,444.15164308741413,447.3832702636719
2024-03-19,452.3274457457493,447.615504671628,452.30810546875
2024-03-20,456.1105377930877,451.4759874940156,455.4719543457031
2024-03-21,458.19075616113025,452.1339130517566,452.3177490234375
2024-03-22,455.9944385957241,452.42419403042794,453.536865234375
2024-03-25,456.6813625982675,452.724106029179,454.0883483886719
2024-03-26,457.7069719593825,453.3917282389162,454.6592102050781
2024-03-27,462.38025901944616,456.64269268390774,461.867431640625
2024-03-28,465.14741030623986,462.4866606893035,463.125244140625
2024-04-01,463.2800859213777,455.63648332508217,456.0525207519531
2024-04-02,458.6068328842668,449.918294123987,451.2244567871094
2024-04-03,452.424188145735,441.9843660920519,442.1778869628906
2024-04-04,449.5699110977605,440.8136380729788,444.5677185058594
2024-04-05,444.12265345878177,437.8142684416147,439.7493591308594
2024-04-08,443.0970591746722,440.0492972347795,441.5489807128906
2024-04-09,440.329866576099,435.8114170881525,439.9041442871094
2024-04-10,443.87112552857843,435.17287253191165,443.0487060546875
2024-04-11,445.0030728226442,440.0202207680948,442.9712219238281
2024-04-12,453.014434435145,441.0265619929992,441.30712890625
2024-04-15,449.5312050504842,431.7380624408842,436.6435241699219
2024-04-16,441.34579033297143,435.44375799532986,435.7340393066406
2024-04-17,439.12044448769484,433.8860208216441,437.37884521484375
2024-04-18,441.87794149161124,435.279275590947,437.8142395019531
2024-04-19,448.45729343287536,438.3658019853984,447.567138671875
2024-04-22,457.1167812740726,447.0736565009883,455.6944885253906
2024-04-23,461.2965496241893,455.1429758549896,459.2743835449219
2024-04-24,461.63516671156043,455.50093361224555,459.1679382324219
2024-04-25,474.67769644645387,449.9085326163418,472.2201232910156
2024-04-26,472.50074911594174,462.2060530390348,464.8571472167969
2024-04-29,470.49793072734514,465.1474063604879,470.43988037109375
2024-04-30,472.22017437086674,467.8371951794558,469.28851318359375
2024-05-01,474.3584121283862,467.7210657039441,470.5849914550781
2024-05-02,472.62653609235235,458.93574655331474,459.5840148925781
2024-05-03,462.02227600724535,450.1311641147339,453.8658752441406
2024-05-06,455.9654123958057,452.1435966091379,453.6432800292969
2024-05-07,459.43887845886803,453.74002263197247,458.37457275390625
2024-05-08,460.31938344002793,456.0621602942656,456.3040466308594
2024-05-09,459.1195621873014,456.2362962347268,458.06494140625
2024-05-10,460.8417902856023,457.08773952229626,459.3904724121094
2024-05-13,465.1280824841503,459.77755792863803,461.18048095703125
2024-05-14,463.6574332499785,458.471403962866,458.68426513671875
2024-05-15,457.8714825907339,451.1953962584359,454.40765380859375
2024-05-16,457.0878045784558,452.45325390854583,455.4139404296875
2024-05-17,456.55561137384547,453.0143919132399,454.95916748046875
2024-05-20,456.76846496683805,452.89828370046854,453.720703125
2024-05-21,458.5777355669808,453.36268205606495,456.5845947265625
2024-05-22,459.912986684355,455.0849450091373,459.2840881347656
2024-05-23,459.63236528193335,451.1082938788429,452.04681396484375
2024-05-24,454.3500628864634,451.7649908904887,453.290771484375
2024-05-28,452.02740053326283,442.24106297960543,442.6686706542969
2024-05-29,440.97772263911503,433.62096021326875,433.8153381347656
2024-05-30,437.4791268818301,432.29925482798075,433.941650390625
2024-05-31,439.19925662901,432.7754726363915,438.0719299316406
2024-06-03,440.6278109031771,436.1962675220236,436.6724548339844
2024-06-04,437.5665621645476,434.7482604219982,435.75897216796875
2024-06-05,435.55490106238886,428.86870378671097,429.9085693359375
2024-06-06,433.79581672189437,429.0630086648982,432.2506103515625
2024-06-07,433.2904960693696,427.4303612109827,427.6441650390625
2024-06-10,429.42261609547467,422.8141824391014,423.49444580078125
2024-06-11,423.71797021117493,416.88600504293936,417.7120666503906
2024-06-12,420.13192662554013,412.4447459058144,415.1172790527344
2024-06-13,414.7868904375309,408.41168600424356,411.4924011230469
2024-06-14,412.1629195808036,406.8081549863739,412.14349365234375
2024-06-17,418.8977028133001,410.296999506985,417.6731872558594
2024-06-18,420.695652701634,412.97931738201993,413.8345031738281
2024-06-20,424.4954685108838,413.5721052921553,422.2408447265625
2024-06-21,421.31752862516055,414.9909047848226,419.9180908203125
2024-06-24,425.37011244638126,416.75968100606764,418.53814697265625
2024-06-25,419.40304456473774,416.36121125122304,416.4098205566406
2024-06-26,421.0259961218506,415.0783705561559,419.3349914550781
2024-06-27,425.2729171131567,419.8209340682658,422.65869140625
2024-06-28,425.7588628192296,421.72577298253043,423.66943359375
2024-07-01,428.091221110026,421.026025935635,422.74615478515625
2024-07-02,425.1563247126858,421.44392589775765,425.0494079589844
2024-07-03,426.1572641100753,422.6003620723977,424.7772521972656
2024-07-05,424.7772697450402,420.30684477573624,422.4837646484375
2024-07-08,423.8443101729888,417.31361003802357,418.12994384765625
2024-07-09,418.2660021261354,411.74500031577975,411.7936096191406
2024-07-10,414.57305667031125,410.7829246828269,414.23291015625
2024-07-11,420.9968799014412,412.697441188532,419.85009765625
2024-07-12,425.3603906104019,419.4711015833659,420.06390380859375
2024-07-15,424.1553194818521,418.9268680531446,419.7529296875
2024-07-16,423.7665858988769,419.05323272084297,422.90167236328125
2024-07-17,429.38371982906057,421.7159950515198,427.7705078125
2024-07-18,433.3002269878239,425.11743277872364,427.2262878417969
2024-07-19,430.08345563583356,422.55177136712445,425.60333251953125
2024-07-22,426.50711816255546,422.85302709403396,425.7588195800781
2024-07-23,431.1427631831341,424.6897964340178,429.8404846191406
2024-07-24,433.38768408882424,424.709217972239,429.6655578613281
2024-07-25,459.5104640512167,446.00203009594674,457.31414794921875
2024-07-26,470.80316925076073,458.8107580508382,466.7700500488281
2024-07-29,468.94698808194676,461.8526092966583,463.8448791503906
2024-07-30,475.2832722004818,461.6387679755095,473.0189208984375
2024-07-31,475.59427738382914,469.24822723921676,470.67681884765625
2024-08-01,480.7158275306202,469.7924650043398,479.462158203125
2024-08-02,490.77429061670375,472.01797810580223,480.61865234375
2024-08-05,492.55271850387436,472.59134628160257,478.75274658203125
2024-08-06,481.5418726789802,472.27060410159345,472.8245544433594
2024-08-07,481.10451495454606,467.1393201232618,475.9538269042969
2024-08-08,481.3669350030695,471.20156990053187,477.4796142578125
2024-08-09,481.8917220492137,473.2813204751319,480.41455078125
2024-08-12,488.5293653487625,478.14049729307516,487.52838134765625
2024-08-13,488.3544005318786,482.46511192580283,488.2280578613281
2024-08-14,493.23302141723804,486.72174667021864,490.7742919921875
2024-08-15,491.0075531856179,487.19799484809914,489.5109558105469
2024-08-16,493.42743884419934,487.975455108182,492.3875732421875
2024-08-19,494.14651342671397,489.3359419718555,490.6479187011719
2024-08-20,493.7480941418197,486.4204854602508,493.7286682128906
2024-08-21,495.0697301064954,490.6478851109972,492.5818176269531
2024-08-22,497.4507550581693,491.95019217656557,495.27386474609375
2024-08-23,496.02214206279626,491.00749453117726,494.99200439453125
2024-08-26,497.90753578590375,494.476946535935,497.57708740234375
2024-08-27,499.43326171448615,493.6897709895297,498.00469970703125
2024-08-28,502.90266686057043,495.7694664952985,499.0931091308594
2024-08-29,506.8289155062798,497.77145073457257,504.7200012207031
2024-08-30,508.8697377699351,501.6295907290904,508.4713134765625
2024-09-03,513.8472652739393,507.8469196526126,509.973876953125
2024-09-04,515.896187303895,507.5444397771359,510.93975830078125
2024-09-05,513.0081181431585,503.76853662534023,506.75408935546875
2024-09-06,510.1689806190292,502.2074663375477,502.4709167480469
2024-09-09,512.3251812090351,504.42226433073296,511.4568786621094
2024-09-10,514.1887126415324,506.6857954629471,507.3199462890625
2024-09-11,505.836976985873,495.76803844899763,503.3782653808594
2024-09-12,506.4224068049764,500.11960545101556,505.9248046875
2024-09-13,508.84213019877444,503.5344733524302,507.13470458984375
2024-09-16,514.6668250982848,506.90045687765996,508.5884094238281
2024-09-17,509.2127771094956,500.73418788151906,508.0810241699219
2024-09-18,513.9057718606408,504.36373355212197,508.93963623046875
2024-09-19,510.4420952093734,504.8515159874768,509.55426025390625
2024-09-20,514.0033797669777,505.6223335374962,512.3544921875
2024-09-23,521.6038866962135,510.8129589704258,520.169677734375
2024-09-24,520.784269808227,513.7106504254348,516.9693603515625
2024-09-25,520.0330117558353,512.3154748754256,515.261962890625
2024-09-26,517.6913044637303,510.48113691375755,511.5543518066406
2024-09-27,516.0620730175456,509.27137591737505,513.97412109375
2024-09-30,516.0717910402004,509.203083714822,515.2229614257812
2024-10-01,542.0539820409099,512.9887409340238,530.6483764648438
2024-10-02,533.9167938150398,525.194286623227,525.7601928710938
2024-10-03,530.3750898047592,521.9843373607513,524.5015869140625
2024-10-04,525.4577976777572,521.0672746157604,523.6820678710938
2024-10-07,526.1797167631312,518.5304842614826,520.9793701171875
2024-10-08,523.5649776777001,518.7061513449485,519.6915893554688
2024-10-09,521.5258308679709,515.9059522565171,519.28173828125
2024-10-10,519.2623418959894,513.086322349926,514.2669067382812
2024-10-11,518.0816182131581,513.7203947569615,515.8375854492188
2024-10-14,521.98439396206,514.988844085282,521.0770263671875
2024-10-15,523.0771437069828,513.0862743266803,514.1107177734375
2024-10-16,518.7353113277309,512.2275983240513,518.5011596679688
2024-10-17,516.549807147411,509.4176501457731,515.1253051757812
2024-10-18,518.0133173009297,512.8129709801923,517.876708984375
2024-10-21,523.828379764549,513.0374534234962,516.7645263671875
2024-10-22,516.9108892361076,505.222360546385,507.5444641113281
2024-10-23,510.1787804191528,502.9002477471098,503.8369140625
2024-10-24,518.0816824248748,503.192922475355,510.93975830078125
2024-10-25,514.9107542222791,505.95409490926824,506.715087890625
2024-10-28,506.6370547301009,499.0072950103188,499.6902770996094
2024-10-29,500.1878422910589,491.7483175669939,491.7873229980469
2024-10-30,496.9778846803829,489.6408442801635,493.0459289550781
2024-10-31,499.2512364412437,491.7970901276446,496.63641357421875
2024-11-01,501.3977520770829,494.01187977372376,494.6168212890625
2024-11-04,498.55850198045744,489.92383074420707,495.0948791503906
2024-11-05,500.7049814713128,493.18256071039855,500.42205810546875
2024-11-06,516.4718168021128,502.9002489680489,510.4129333496094
2024-11-07,513.1252451944982,504.8613344570093,507.9151916503906
2024-11-08,518.3451044134646,509.5249944515138,516.1205444335938
2024-11-11,526.6285715972056,519.5549517013233,520.7160034179688
2024-11-12,523.106364658127,517.0181237064417,518.462158203125
2024-11-13,517.0084721910305,506.21754526754546,507.7590637207031
2024-11-14,508.32495280156485,480.1573157471968,488.1675720214844
2024-11-15,491.97264951376945,478.9279246819854,481.9720153808594
2024-11-18,486.1967807707724,475.77661304461117,476.7912902832031
2024-11-19,485.8259406608261,477.73761439726815,479.07427978515625
2024-11-20,480.95738909305794,475.5814283564158,480.010986328125
2024-11-21,484.81126052168895,477.26933735627347,484.33319091796875
2024-11-22,487.8358395414262,482.2842653054338,484.781982421875
2024-11-25,481.9720614349642,466.78087544670007,473.4642028808594
2024-11-26,479.77677306205993,470.82988060458035,476.54730224609375
2024-11-27,480.440288348308,476.1278061830482,477.1815185546875
2024-11-29,478.6840125397227,474.7618232882014,477.73760986328125
2024-12-02,479.29552699313865,472.17243678562147,474.9550476074219
2024-12-03,476.47370283231555,473.3677732969845,475.4057312011719
2024-12-04,477.9825810203723,471.33958056905493,476.7872314453125
2024-12-05,476.75781015965714,468.47857138271485,469.8796691894531
2024-12-06,470.3499893604552,461.0419485052362,464.0793151855469
2024-12-09,472.2704036817567,461.09095320077006,469.48779296875
2024-12-10,470.9672528323002,463.7265925643104,470.47735595703125
2024-12-11,471.14360056450295,464.4222299019141,466.0094909667969
2024-12-12,476.39527632640755,464.19683325383727,471.78045654296875
2024-12-13,474.2397549407731,468.018088616844,470.3009948730469
2024-12-16,474.85704549631464,467.84171850250425,472.8484802246094
2024-12-17,477.0517887110868,468.72354191602335,470.58514404296875
2024-12-18,473.73028738114533,457.68126065841665,458.2103576660156
2024-12-19,461.45347506170697,453.45835427559115,457.6910705566406
2024-12-20,464.8141514616301,454.96723618277406,460.0523681640625
2024-12-23,460.7578099825586,454.7418621155799,457.7596435546875
2024-12-24,462.25688196040403,456.4858826667033,461.5710144042969
2024-12-26,464.44182810339834,460.1797491612386,462.6880187988281
2024-12-27,465.05911318805704,459.55267691094963,461.8258056640625
2024-12-30,459.58203768046593,455.78043328116865,457.0933532714844
2024-12-31,461.0125613018937,455.90784405045133,459.80743408203125
2025-01-02,466.47000405546504,456.858229735188,458.55328369140625
2025-01-03,460.1209051417372,457.03456096667395,458.3670959472656
2025-01-06,456.7994301377021,444.7871495410809,445.9433288574219
2025-01-07,449.28440445159293,441.70081052402674,443.2489013671875
2025-01-08,455.23175936510074,444.7871545849804,452.8704528808594
2025-01-10,454.99662920563657,446.2274631288668,449.4216003417969
2025-01-13,467.74373702920775,449.4215825563079,462.8349609375
2025-01-14,466.36221848102724,462.05110225818277,465.89190673828125
2025-01-15,468.0475021463516,460.68924126698596,462.756591796875
2025-01-16,471.6041355636825,461.2575154504403,471.46697998046875
2025-01-17,473.6617060924123,467.71435059369975,472.6329345703125
2025-01-21,497.411956432496,479.64828916761,494.25701904296875
2025-01-22,495.05059686265724,487.12406905859206,492.2581787109375
2025-01-23,497.3825416710763,483.2637093487009,489.6715393066406
2025-01-24,489.8969081533365,486.6244003949843,486.97711181640625
2025-01-27,497.1277838039714,486.9575193599502,493.0616455078125
2025-01-28,492.7480881103373,475.6702898875387,476.8068542480469
2025-01-29,482.80319343242576,470.5459636552217,471.8099060058594
2025-01-30,475.1999432668639,460.2385042710237,473.6028747558594
2025-01-31,478.2373789319058,468.8313520946475,477.42413330078125
2025-02-03,483.36164523541987,471.92746873519195,477.8944091796875
2025-02-04,477.9336110867876,471.6923295606568,472.6427307128906
2025-02-05,476.1797625826216,461.41426359133595,462.7957763671875
2025-02-06,463.19753648471243,452.89989368858807,457.122802734375
2025-02-07,464.56918301082084,456.456492263706,459.1117248535156
2025-02-10,467.43999222953664,459.0627675712087,464.7847595214844
2025-02-11,466.2152217836673,458.9549768002125,464.26544189453125
2025-02-12,467.8221867611435,459.7780873496925,461.3457336425781
2025-02-13,465.1472624917612,444.45402384601505,445.86492919921875
2025-02-14,444.8263865455652,425.37747357654695,430.031494140625
2025-02-18,439.8784025916085,430.57036225082055,432.4417419433594
2025-02-19,441.9653588524692,421.31131941965555,424.6916198730469
2025-02-20,430.1294465417497,417.6272690056322,429.2574157714844
2025-02-21,440.99538229991265,428.98310089489866,438.9084167480469
2025-02-24,447.2856715502768,440.13315896016155,440.8484191894531
2025-02-25,453.2133704195118,441.7301870863426,451.6947021484375
2025-02-26,449.6371778275376,443.5820592998118,445.6788024902344
2025-02-27,454.6242877246912,446.6683674736582,450.67572021484375
2025-02-28,455.53548698529187,446.71734350680345,452.4099426269531
2025-03-03,466.31651940943175,455.83495905585113,465.9228515625
2025-03-04,473.274720597599,455.815294469819,456.4943542480469
2025-03-05,472.05434537841353,459.2107175270616,466.70037841796875
2025-03-06,469.52496021439686,457.8426936715854,467.6845397949219
2025-03-07,483.3330521565127,464.7614939793249,478.8254699707031
2025-03-10,502.1408330863141,476.05994031736304,487.6142883300781
2025-03-11,487.6142744750339,477.1425358629182,486.2954406738281
2025-03-12,484.2188347346946,466.9956038244158,467.58612060546875
2025-03-13,484.8093670077495,464.42691121467664,482.8311462402344
2025-03-14,489.49405851101346,475.4300816197215,477.2606506347656
2025-03-17,485.19316379138087,476.5323511923945,482.7425537109375
2025-03-18,486.3840615528726,480.50847804522834,482.0634765625
2025-03-19,489.78933762471706,478.3137409757169,483.7464294433594
2025-03-20,485.0455372720395,479.3175756608081,481.4926452636719
2025-03-21,486.9647145229294,476.33550264998917,482.9590759277344
2025-03-24,487.66346229416524,481.3548354946041,487.2500915527344
2025-03-25,501.36333992417207,488.1555691719328,498.60760498046875
2025-03-26,502.82971909340534,496.78681169528545,499.1193542480469
2025-03-27,510.48673046790697,503.81395984744245,505.6937561035156
2025-03-28,508.6758126150982,499.10956664516885,504.08953857421875
2025-03-31,510.68357912027795,500.4382134768032,503.9123840332031
2025-04-01,509.1285463212483,501.32396944778213,504.985107421875
2025-04-02,506.3629969682623,500.00517260755726,504.0796813964844
2025-04-03,516.6968898335356,504.39458293273714,507.0223388671875
2025-04-04,508.6069271527082,477.22126703100287,477.8412780761719
2025-04-07,487.1713886730402,465.4799511595144,473.95379638671875
2025-04-08,495.05470696844867,479.8687157114077,484.1893005371094
2025-04-09,511.2839259212133,473.29439240593274,504.1977844238281
2025-04-10,513.3014659144917,495.3302755493004,507.9278564453125
2025-04-11,529.2452211091417,506.05783641880447,525.544677734375
2025-04-14,530.1605788712677,517.3957328227702,527.3458251953125
2025-04-15,528.0642661671111,519.6494993562806,520.9879760742188
2025-04-16,535.3964429259811,525.6825453571595,529.0090942382812
2025-04-17,536.1443875572453,521.6965655045807,531.843505859375
2025-04-21,531.4597445168818,518.1240536823298,522.9268798828125
2025-04-22,486.38408555707747,443.0110590831237,456.74041748046875
2025-04-23,471.2472981881519,453.0792280447968,465.17486572265625
2025-04-24,463.79699120093096,455.16570310033416,455.7463684082031
2025-04-25,466.00157844564023,451.1010385226524,465.7161865234375
2025-04-28,479.29793411698677,468.02900763558154,475.6662902832031
2025-04-29,479.41602955893785,472.4086395446152,474.4754333496094
2025-04-30,480.1049475545161,468.01916164704016,478.8058166503906
2025-05-01,480.449452079979,474.46559236081833,478.9731750488281
2025-05-02,490.64554835625563,471.198051012626,483.64801025390625
2025-05-05,488.36225811911027,481.73871462862456,485.5278015136719
2025-05-06,485.29161682357875,477.3098935420171,479.7703552246094
2025-05-07,480.97105368719303,473.3928198175136,478.3531188964844
2025-05-08,482.09299428716747,475.98121616072143,476.7095031738281
2025-05-09,477.44764419888105,468.35378780411975,474.9871826171875
2025-05-12,475.15450417903025,464.0922485547833,471.5819091796875
2025-05-13,472.3889528562811,463.1868204938036,463.2261962890625
2025-05-14,457.6458533612609,445.8454892481346,449.08343505859375
2025-05-15,463.4427316355006,451.98680771029996,461.6318054199219
2025-05-16,466.07043134513015,459.00399351104727,465.6866149902344
2025-05-19,468.58995979008176,461.85814083308213,463.6690368652344
2025-05-20,470.3122815366298,462.45850779225566,469.0623779296875
2025-05-21,473.5010531073197,464.86976471142657,466.40509033203125
2025-05-22,468.12739510645895,461.5629006983805,465.4012145996094
2025-05-23,465.48982107868096,460.88384406602387,464.0036926269531
2025-05-27,468.13722329602984,462.86197852774234,467.9502258300781
2025-05-28,470.5288234189525,466.2082685365172,467.8026428222656
2025-05-29,472.6546729471122,461.0905034372141,471.80828857421875
2025-05-30,478.3038864009133,467.5467554307086,477.1031799316406
2025-06-02,478.4777527029815,473.60249841633527,478.0129699707031
2025-06-03,483.2046761864364,476.4010609799617,482.7992248535156
2025-06-04,490.3939440559097,482.63109771320626,485.83514404296875
2025-06-05,487.4767059871602,479.1501813731477,482.7003173828125
2025-06-06,485.97360460888007,481.15768145237735,483.9760437011719
2025-06-09,486.6460305723529,478.3887657428868,485.90435791015625
2025-06-10,486.072471504029,481.236781560373,483.3727722167969
2025-06-11,483.283784277828,466.77909298745067,483.03656005859375
2025-06-12,491.7981833411011,482.53222478588134,491.61029052734375
2025-06-13,513.6626897931085,497.61291303701086,510.9827575683594
2025-06-16,509.2819002455723,490.0775092916478,491.9959716796875
2025-06-17,500.2334594524025,492.52994482045324,498.37432861328125
2025-06-18,500.9751667319444,488.0997100068446,489.1578369140625
2025-06-20,494.30997137936197,482.5816690717322,492.1739807128906
2025-06-23,502.67608356695075,490.9279834701558,494.12213134765625
2025-06-24,489.62259609126755,475.93626751702413,478.6260681152344
2025-06-25,483.0365513092074,478.4678526491108,481.513671875
2025-06-26,491.5213092607226,482.26521885429946,488.1788330078125
2025-06-27,489.18748778286147,483.82768374206387,488.5150451660156
2025-06-30,495.5164428614169,488.4755017977079,494.4286804199219
2025-07-01,499.2050262877884,490.8686329206369,497.9392395019531
2025-07-02,493.47931953753016,484.08479899964027,493.36065673828125
2025-07-03,499.58083544792424,493.07387684003487,498.6018371582031
2025-07-07,503.94182647845037,497.61289285400665,502.2804870605469
2025-07-08,501.30145998735435,495.2790819477603,499.24456787109375
2025-07-09,502.76504517231376,496.7228697974688,502.3002624511719
2025-07-10,509.212656976678,499.37315124770043,508.1644287109375
2025-07-11,509.4796963776314,502.37939367991504,508.8863220214844
2025-07-14,517.9446365042326,507.63044934890405,515.3240356445312
2025-07-15,517.6479853615077,510.41915154351415,511.0816955566406
2025-07-16,514.9977741236875,508.3523553430788,513.9297485351562
2025-07-17,519.6851543070318,512.8815383337588,518.013916015625
2025-07-18,522.4045361207553,509.9147646060607,513.2769775390625
2025-07-21,518.1621500390153,508.67866308631073,509.5686340332031
2025-07-22,560.8231948842999,529.574077556477,557.5301513671875
2025-07-23,562.3559617774337,545.6732765392268,562.1878662109375
2025-07-24,570.4550516771418,560.2892229233859,562.1680908203125
2025-07-25,563.8293822627822,557.0455645882947,563.4140625
2025-07-28,563.6712010278792,557.3818315864144,562.3065185546875
2025-07-29,566.9345974044252,561.881348582315,566.85546875
2025-07-30,567.4389090744417,562.3955591936387,566.4500122070312
2025-07-31,570.9692946313307,562.5735696416303,570.2078247070312
2025-08-01,581.3527249135503,566.5885011724572,579.9287109375
2025-08-04,585.5851190950012,577.6443089522664,583.201904296875
2025-08-05,588.0772436331603,579.5035237923264,583.3997802734375
2025-08-06,586.8904895377207,580.185800208474,582.7470092773438
2025-08-07,581.6987534807923,573.5601520174188,580.8582153320312
2025-08-08,584.5072713183956,572.7196377070769,574.6578369140625
2025-08-11,577.2982187485976,569.0606912780122,573.7974853515625
2025-08-12,575.17205857968,571.2065726995562,574.3512573242188
2025-08-13,580.3737071351209,569.822133918212,575.6270141601562
2025-08-14,578.7914058375951,574.4798301301698,577.2388305664062
2025-08-15,580.2351966287056,574.4699113922775,577.4761962890625
2025-08-18,585.6544210291742,577.060904124583,578.3267211914062
2025-08-19,582.9349232142953,575.755522088757,579.7210083007812
2025-08-20,588.7100384856376,581.2438798659357,585.9608764648438
2025-08-21,592.1811708100447,584.7446465152683,590.5791625976562
2025-08-22,594.3171166629324,584.803933659454,585.862060546875
2025-08-25,588.7891605840368,579.5429395766032,580.2252807617188
2025-08-26,589.2342037626165,581.590049909752,586.4356689453125
2025-08-27,587.9486456357317,578.5442263665672,580.0968017578125
2025-08-28,581.4120317049436,574.4502194264127,581.3724975585938
2025-08-29,585.0017497333663,580.5616122840796,583.4887084960938
2025-09-02,591.8578668921986,581.0365615962147,585.0672607421875
2025-09-03,583.7567472624995,573.5211509375183,576.8171997070312
2025-09-04,577.7404938991216,571.8433568577381,575.5762329101562
2025-09-05,576.976028698248,570.6718770668114,576.6087036132812
2025-09-08,577.9291265035704,567.2467651876142,577.7008056640625
2025-09-09,576.3009927717507,567.3163125233378,567.5049438476562
2025-09-10,576.6484564118215,565.8866554603451,575.6854248046875
2025-09-11,581.5329446542612,573.8289340452827,578.7432250976562
2025-09-12,578.9218911714563,571.0292496280742,571.8036499023438
2025-09-15,572.3099249134914,566.9985569646244,570.3938598632812
2025-09-16,583.0022165626498,571.7937118212441,575.1790771484375
2025-09-17,580.7784176825531,572.2305652573388,572.9155883789062
2025-09-18,572.8162295607959,564.2187507354162,569.6095581054688
2025-09-19,571.9923165247204,561.4191465559443,568.8948364257812
2025-09-22,573.4814850072623,566.144799478494,571.9923095703125
2025-09-23,576.4796476415653,566.9588866590852,572.9155883789062
2025-09-24,585.3451712803299,572.8361224796595,582.0392456054688
2025-09-25,589.4653019831918,578.2865482032713,581.5429077148438
2025-09-26,590.6665635441029,582.6150423451767,590.229736328125
2025-09-29,599.7703930284639,587.2414681773946,589.7035522460938
2025-09-30,605.7171273615704,588.8199310385316,604.9229125976562
2025-10-01,606.4418330246145,598.6584435952215,601.051025390625
2025-10-02,602.877806170789,597.6160649693716,600.64404296875
2025-10-03,606.2333947083348,600.9319035993902,605.1412963867188
2025-10-06,615.2379945898421,604.605259589857,614.0565795898438
2025-10-07,623.2794996776796,613.9374322109115,617.1441040039062
2025-10-08,633.9320218709859,621.0357725260324,633.3463134765625
2025-10-09,636.2750614735462,626.8138042638004,630.4275512695312
2025-10-10,630.6658069153403,614.9400874059112,618.9906616210938
2025-10-13,619.5466148523888,612.4482482241219,614.4139404296875
2025-10-14,622.8823394974794,613.609774492137,622.4058227539062
2025-10-15,622.5249394106672,595.749595012744,604.5357055664062
2025-10-16,607.3850254123113,593.2874854526644,594.6575317382812
2025-10-17,597.3082657087691,587.4101818975804,590.2098388671875
2025-10-20,598.5492912482384,591.9075661568447,597.65576171875
2025-10-21,600.524901370805,567.2368373445391,595.0248413085938
2025-10-22,601.5871667586772,591.3515703568354,592.175537109375
2025-10-23,605.4193487800679,593.6945759862219,601.3687744140625
2025-10-24,604.1088110017686,592.7712394364193,601.2098999023438
2025-10-27,601.2794273541105,590.7062574988132,591.6494140625
2025-10-28,594.6278010245849,586.9734169891653,590.7559204101562
2025-10-29,589.9318672873846,578.3064096078866,580.7684936523438
2025-10-30,587.4598763425279,573.5708421472203,574.4246215820312
2025-10-31,582.3966687117205,571.6646800399775,579.2396240234375
2025-11-03,576.9959481378082,567.5545656665572,571.2576293945312
2025-11-04,575.407490703552,564.2982394614118,572.9751586914062
2025-11-05,575.3479218373269,565.6285313923667,566.383056640625
2025-11-06,573.8686000832882,565.837014835728,567.83251953125
2025-11-07,567.8423910941767,558.3811951538836,564.5066528320312
2025-11-10,562.9678714585675,553.3676709164566,558.9172973632812
2025-11-11,566.6709077933333,554.9660114062102,562.650146484375
2025-11-12,565.0427906262241,554.3703672955122,554.5391235351562
2025-11-13,559.344199388485,552.8216642502255,553.9732666015625
2025-11-14,557.9742137235874,549.3766735382778,553.9732666015625
2025-11-17,559.0166070415804,552.2755676098918,558.9669799804688
2025-11-18,569.1727644192483,560.108645285724,562.6700439453125
2025-11-19,563.1068655135754,553.4371630224375,560.9227294921875
2025-11-20,569.1231838396981,559.4435429299724,563.2557983398438
2025-11-21,567.5445789989597,559.0166018778119,562.6104736328125
2025-11-24,562.1835969110297,555.9588242562837,561.4786987304688
2025-11-25,570.3542099863689,561.6177259384169,565.3108520507812
2025-11-26,578.395726020687,562.9877650898081,563.0175170898438
2025-11-28,569.5400956580671,562.5409833075256,568.1204223632812
2025-12-01,566.6850257719155,541.9243023615965,543.7684326171875
2025-12-02,549.5200535026955,543.4295135975659,545.2237548828125
2025-12-03,552.749708988448,544.7453156380177,551.5535278320312
2025-12-04,558.212148931962,549.7990919680185,551.2344970703125
2025-12-05,550.5168371946937,542.4227048819197,547.2173461914062
2025-12-08,551.8525306222234,544.765244318346,551.792724609375
2025-12-09,555.9593564124178,548.493278628595,548.8720703125
2025-12-10,556.8265993351289,544.775231242298,553.5869750976562
2025-12-11,566.8444893851762,555.1519576380599,558.2520141601562
2025-12-12,569.7751317333084,558.7105930316912,567.9410400390625
2025-12-15,573.9517211914062,566.754800838247,573.9517211914062
2025-12-16,572.3668430060545,564.0335474269428,566.904296875
2025-12-17,570.4728877099004,555.8098891547595,562.3887939453125
2025-12-18,568.110442020744,556.2783428866918,557.7337036132812
2025-12-19,569.1372213395923,556.1986188628684,566.6452026367188
2025-12-22,583.4114725659488,567.0837622546991,582.7933959960938
2025-12-23,584.1291685988083,574.8588714358631,578.2081298828125
2025-12-24,585.4150148391179,579.2846856364717,580.4907836914062
2025-12-26,580.8497121440928,573.6128800603561,575.5267333984375
2025-12-29,578.9058914704666,575.0382737836,575.9354248046875
2025-12-30,578.2679258490525,572.4764770700506,572.7356567382812
2025-12-31,575.1578879595338,568.2001915567521,568.3895874023438
2026-01-02,583.9796180163574,562.697803376245,583.7902221679688
2026-01-05,609.4181753731885,589.3125858274345,609.3683471679688
2026-01-06,617.2231862761423,604.8827051565637,608.6605834960938
2026-01-07,616.0170597667815,572.675888954422,575.1679077148438
2026-01-08,636.800517749486,584.0793554928155,588.9038696289062
2026-01-09,617.8112954535711,588.794243874383,616.8444213867188
2026-01-12,633.7302942609609,621.3898135499625,627.3108520507812
2026-01-13,637.7474081280777,617.7016251744341,623.5030517578125
2026-01-14,652.4304086701001,622.8650666735613,651.0548095703125
2026-01-15,656.3079979255392,630.959190554665,652.5201416015625
2026-01-16,667.5420282256688,655.1616963163239,664.7709350585938
2026-01-20,672.5958406114175,650.9352337498412,655.2015380859375
2026-01-21,667.4921802262268,652.5699410043003,662.0396118164062
2026-01-22,668.957487761165,657.8929488663515,668.2996215820312
2026-01-23,675.1376627077047,666.3757472675898,670.8015747070312
2026-01-26,669.3063858714426,657.0057549591838,658.8598022460938
2026-01-27,680.8294462378849,633.9695196500581,676.5730590820312
2026-01-28,688.5347770539071,661.8801552356425,686.929931640625
2026-01-29,703.1978581013991,683.8597684011753,693.1300659179688
2026-01-30,695.4426282276106,678.9255216792708,690.0499267578125
2026-02-02,688.2656208573155,673.2437859057306,682.8330688476562
2026-02-03,705.400745794524,683.3115190809109,702.7293090820312
2026-02-04,707.1252247758666,675.2273875839493,687.5479125976562
2026-02-05,701.9318408629746,676.8322373586683,694.2763671875
2026-02-06,709.6073065315813,697.296758614576,706.8461303710938
2026-02-09,713.3253741487697,695.7716093232461,695.7915649414062
2026-02-10,700.0778228659591,682.1851167843072,682.8131103515625
2026-02-11,685.9131836168779,672.5958502244795,676.662841796875
2026-02-12,694.4956770621774,677.7493235951749,692.8410034179688
2026-02-13,706.7364910514871,694.0371737111875,700.3270263671875
2026-02-17,705.739693135373,696.4992683622893,698.8816528320312
2026-02-18,723.233663401584,700.2472850776521,722.5159912109375
2026-02-19,743.1697986467267,724.9382118847554,734.5175170898438
2026-02-20,735.3947002258241,715.7177307905561,721.25
2026-02-23,731.4500122070312,719.4199829101562,725.3900146484375
2026-02-24,734.5800170898438,710.469970703125,727.72998046875
2026-02-25,728.5,691.030029296875,703.6500244140625
2026-02-26,713.8099975585938,700.1699829101562,710.9000244140625
